9933 1048 118 340.719 0 0 0 0 0 0 0 0 0 0 0 0 0 265 0 0 2733 0 793 0 0 477 0 2106 0 0 0 0 0 0 0 0 
9935 2600 238 694.209 0 0 0 0 0 0 0 0 0 0 0 0 0 0 0 817 0 0 0 811 0 0 0 0 0 0 0 0 0 0 0 0 
9935 2904 542 1601.08 0 0 0 0 0 914 0 0 0 1080 0 0 3937 0 0 0 0 0 0 0 0 0 3885 0 0 0 0 0 0 0 0 0 
9951 3583 428 1275.18 0 0 848 0 0 0 0 0 911 0 0 0 0 0 0 0 0 1035 0 0 673 0 0 0 0 0 0 0 0 0 0 0 
9951 4313 1158 3372.11 0 0 0 0 0 0 0 0 0 0 0 0 0 0 0 233 2562 1614 0 159 0 879 0 1342 0 0 0 0 0 0 0 0 
9952 5074 682 2060.54 2146 0 0 0 0 0 0 1280 0 0 0 0 0 1415 0 0 0 0 0 0 0 517 0 0 0 0 0 0 0 0 0 0 
9953 6686 1053 2906.1 0 0 0 0 0 0 0 1218 0 0 0 0 0 0 0 0 0 0 0 0 0 0 0 0 0 0 831 1398 0 155 179 0 
9954 7225 293 890.586 0 1690 0 0 0 0 0 0 0 586 2163 0 0 0 0 0 0 0 0 0 0 0 0 0 0 0 0 0 3334 3009 0 0 
9954 7930 998 2980.8 0 0 0 0 0 0 0 0 0 0 0 0 0 0 0 738 0 0 0 603 0 0 0 0 0 0 0 0 0 0 0 0 
9955 8244 91 231.125 0 0 0 0 0 0 0 0 0 0 0 0 0 0 0 0 0 0 0 0 0 0 0 0 0 0 0 0 0 0 740 731 
9957 11152 417 1145.02 0 0 0 0 0 0 1126 0 0 0 0 0 0 0 0 2130 0 1174 0 3053 0 1021 0 0 0 0 0 0 0 0 0 0 
9957 11889 1154 3204.27 0 0 0 0 0 0 0 0 0 0 0 0 3454 0 0 0 0 0 1295 0 2977 0 3772 0 0 0 0 0 0 0 0 0 
9958 12950 919 2608.62 0 0 0 0 0 0 0 0 0 0 0 0 0 629 589 0 0 0 0 0 0 0 0 0 0 0 0 0 0 0 0 0 
9959 14359 1037 3003.45 0 0 0 0 1283 0 0 1407 0 0 0 0 0 0 0 0 0 1556 0 0 0 968 0 0 0 0 0 0 0 0 0 0 
9959 14387 1065 3077.61 0 0 0 0 0 0 0 0 0 0 0 0 0 0 0 0 0 0 0 0 0 0 0 0 0 0 0 0 559 530 0 0 
9959 14534 1212 3455.82 0 501 0 0 0 0 0 0 0 0 0 508 0 0 0 0 0 0 0 0 0 0 0 0 0 0 0 0 0 0 0 0 
9960 14729 153 439.048 0 1153 0 0 0 0 0 0 922 0 0 0 0 0 0 0 0 1011 0 0 0 971 0 0 0 0 0 0 0 0 0 0 
9961 17000 1159 3301.52 0 0 0 0 0 0 0 0 0 562 0 0 0 0 0 0 0 0 561 0 0 0 0 0 0 0 0 0 0 0 0 0 
9962 17324 228 676.926 0 0 0 1071 0 0 367 2557 0 0 0 0 0 2103 2178 0 0 0 0 0 0 0 0 0 0 0 0 0 0 0 0 0 
9962 17631 535 1571.11 0 0 0 0 1269 0 0 0 0 0 0 1242 0 0 0 0 0 0 0 0 0 0 0 0 3820 0 0 3918 0 0 0 0 
9962 17805 709 2058.58 0 0 0 0 0 0 0 558 0 0 0 0 0 0 0 0 0 0 0 0 0 0 0 0 0 0 0 0 0 0 717 0 
9963 19371 1027 2952.07 0 0 0 0 0 0 0 0 0 0 0 0 0 3991 2577 0 0 0 912 0 0 870 0 0 0 0 0 0 0 0 0 0 
9964 20296 682 1909.22 0 2415 0 0 0 0 0 2124 0 0 0 0 0 0 0 0 0 1187 0 0 0 1060 0 0 0 0 0 0 0 0 0 0 
9964 20672 1058 3049.77 0 0 0 0 0 0 0 0 0 0 0 1400 0 0 0 0 0 256 3901 0 0 3085 0 0 0 0 0 0 0 0 0 0 
9966 22724 569 1594.62 0 0 1890 0 0 0 0 0 0 0 1454 0 0 0 0 0 0 1232 0 0 1462 0 0 0 0 0 0 0 0 0 0 0 
9996 23827 540 1498.67 1683 0 0 0 0 0 0 1198 0 0 0 0 0 0 0 0 0 0 0 0 0 0 0 0 0 0 0 0 0 0 4023 4023 
9996 23946 659 1867.95 0 0 0 0 0 0 0 0 0 0 600 0 0 0 0 0 0 0 0 0 0 0 0 0 0 0 0 520 0 0 0 0 
9997 24664 97 295.932 0 0 0 0 0 0 0 0 0 0 0 0 377 234 277 0 0 0 0 0 526 0 1701 0 150 0 0 333 0 0 0 182 
10015 25836 607 1823.23 0 0 0 0 0 0 0 0 0 0 0 0 828 0 0 0 0 0 0 0 0 0 650 0 0 0 0 0 0 0 0 0 
10015 26300 1071 3112.64 0 0 0 0 0 0 0 0 0 0 1064 0 0 0 0 0 0 1104 0 0 673 0 0 0 0 0 0 0 3943 547 0 0 
10015 26438 1209 3489.39 0 0 0 0 0 0 0 0 0 0 0 0 529 0 0 0 0 0 0 0 0 0 0 0 0 0 0 701 0 0 0 0 
10016 27206 718 2004.78 0 0 0 0 0 0 0 0 0 0 0 0 0 0 0 0 0 0 0 0 0 0 0 0 0 0 0 0 0 556 889 0 
10018 29024 42 144.514 0 0 0 0 0 0 0 0 0 0 0 0 0 0 0 1358 0 0 0 1261 0 0 0 0 0 0 0 0 0 0 0 0 
10019 30713 846 2363.72 0 0 0 0 0 891 0 0 0 0 0 810 0 0 0 0 0 0 862 0 819 0 0 0 0 0 0 0 0 0 0 0 
10021 31784 333 937.016 0 0 0 0 0 0 0 0 0 0 0 0 0 0 0 603 0 502 0 0 0 0 0 0 0 0 0 0 0 0 0 0 
10021 32606 1155 3237.51 0 544 0 0 0 0 0 0 0 504 0 0 0 0 0 0 0 0 0 0 0 0 0 0 0 0 0 0 0 0 0 0 
10021 32712 1261 3540.21 0 0 0 0 0 0 0 0 0 0 0 0 0 0 0 0 0 1218 0 327 0 509 0 0 0 0 0 0 0 0 4080 4080 
10023 34308 483 1306.43 0 0 0 0 0 0 0 0 0 0 0 0 0 0 0 0 0 1119 0 0 549 0 0 0 0 0 1103 2189 0 0 0 0 
10024 35436 316 870.49 0 0 0 0 1337 0 0 0 3817 0 0 0 0 0 0 0 0 0 0 0 0 0 0 0 0 0 0 0 0 0 1894 1456 
10024 35895 775 2227.93 984 0 0 0 0 0 0 0 0 0 0 0 0 0 0 4075 0 0 0 4030 0 0 0 0 0 0 0 0 0 0 0 0 
10024 36129 1009 2834.51 0 0 0 0 0 0 0 0 0 0 0 0 0 0 0 0 0 0 0 0 0 0 0 0 0 0 0 0 765 523 0 0 
10025 36795 386 1118.98 0 0 0 0 0 2029 0 0 1527 0 0 0 0 0 0 0 0 1738 0 0 1470 0 0 0 0 0 0 0 0 0 0 177 
10026 37713 97 295.242 0 0 0 0 0 0 0 0 0 0 0 0 294 0 0 0 0 0 0 0 0 0 0 0 2182 3916 0 0 0 0 0 0 
10028 39367 26 75.4338 0 0 0 0 0 0 0 0 0 0 0 0 0 0 0 0 0 0 0 0 0 0 0 0 0 0 1563 3138 1854 0 0 0 
10028 39678 337 991.505 0 0 0 0 0 0 0 0 0 0 0 0 0 0 0 0 0 174 0 0 0 0 0 0 0 0 0 0 0 0 3975 3975 
10028 40303 962 2741.47 219 0 0 0 0 0 0 0 0 0 0 0 317 0 0 0 0 0 0 0 0 0 0 0 0 0 1668 1552 0 0 0 0 
10029 41788 1195 3452.43 0 0 0 0 0 0 0 0 0 0 0 0 0 284 658 0 0 0 0 0 0 0 0 0 0 0 0 0 0 0 516 0 
10031 43494 430 1230.54 0 0 0 0 0 0 0 0 0 0 0 0 0 0 502 0 0 0 0 0 0 0 0 0 0 0 0 0 0 0 0 859 
10031 44079 1015 2773 518 0 0 0 0 0 0 0 0 0 0 0 0 0 0 0 0 0 0 0 0 0 0 0 0 0 0 608 0 0 0 0 
10031 44247 1183 3260.03 0 0 552 0 0 0 0 0 0 561 0 0 0 0 0 0 0 0 0 0 0 0 0 0 0 0 0 0 0 0 0 0 
10032 44452 74 190.212 0 0 0 0 0 0 0 0 0 0 514 0 0 0 0 0 0 0 0 0 0 0 0 0 0 0 0 0 0 0 0 638 
10032 45196 818 2288.86 0 0 0 0 0 0 0 0 0 0 0 0 0 0 0 0 0 4000 0 0 4000 0 0 0 0 0 540 127 1716 365 4000 4000 
10032 45450 1072 2919.23 0 0 0 0 0 0 363 0 0 0 0 240 651 4043 4043 0 3998 189 3074 0 0 3998 844 3237 0 0 0 0 0 0 117 0 
10033 45895 196 619.921 0 0 0 0 0 0 0 0 0 0 0 0 617 0 0 0 0 0 0 0 0 0 0 0 573 0 0 0 0 0 0 0 
10034 47816 901 2494.29 0 0 0 0 0 0 0 0 0 0 0 0 2351 0 0 0 0 0 953 0 1120 0 2528 0 0 0 0 0 0 0 0 0 
10034 47973 1058 2989.09 0 0 0 0 0 0 1051 0 0 0 0 0 0 0 0 0 1503 0 1162 0 1044 0 0 1323 0 0 0 0 0 0 0 0 
10036 49751 636 1872.72 0 0 0 0 0 0 0 0 570 584 0 0 0 0 0 0 0 0 0 0 0 0 0 0 0 0 0 0 0 0 0 0 
10038 52352 776 2214.67 0 0 0 2318 0 0 0 0 0 0 0 873 0 0 0 0 0 0 0 0 0 0 0 0 276 0 0 190 0 0 0 0 
10074 52768 5 11.7605 0 0 1319 0 0 0 0 0 0 0 1345 0 2028 0 0 0 0 0 0 0 0 0 1691 0 0 0 0 0 0 0 0 0 
10074 53401 638 1769.1 0 300 0 0 0 0 0 0 0 0 0 355 0 0 0 0 0 935 0 0 685 0 0 0 0 0 3288 4029 0 0 0 0 
10075 54145 98 308.906 0 0 2508 0 0 0 0 0 0 437 2055 0 0 0 0 0 878 0 0 0 0 0 0 667 0 0 0 0 0 0 0 0 
10075 54155 108 343.12 0 0 536 0 0 540 0 0 0 0 0 0 0 0 0 0 0 0 0 0 0 0 0 0 0 0 0 0 0 0 0 0 
10075 54668 621 1807.91 0 0 0 539 0 0 0 0 0 0 0 0 0 0 0 0 0 0 0 0 0 0 0 0 0 0 0 609 0 0 0 0 
10076 55838 562 1674.47 0 0 0 0 0 0 0 0 0 0 0 0 0 3895 3895 0 0 0 659 0 0 2171 0 0 0 0 0 0 0 0 0 0 
10078 58022 267 776.416 0 0 0 0 0 0 0 0 0 0 0 0 0 0 0 626 0 0 0 536 0 0 0 0 0 0 0 0 0 0 0 0 
10078 58191 436 1218.02 0 261 3264 0 0 0 0 0 0 0 3453 0 0 0 0 0 0 0 1114 0 1216 0 0 0 0 0 0 0 0 0 0 0 
10080 59506 236 726.911 0 0 0 0 0 0 0 0 0 0 0 0 0 3197 3949 0 0 0 864 0 0 536 0 0 0 0 0 0 0 0 0 0 
10080 60376 1106 3232.43 0 1018 0 0 0 0 0 0 0 0 0 1323 0 0 0 0 0 0 2733 0 1039 0 0 0 0 0 0 0 0 0 0 0 
10081 60569 65 221.102 0 0 3902 225 0 0 0 0 0 799 399 0 0 0 0 0 2518 1745 0 0 0 621 0 0 0 0 0 0 0 0 0 0 
10081 61442 938 2725.88 0 0 1084 0 0 0 0 0 0 0 0 1150 0 0 0 0 0 0 629 0 1512 0 0 0 0 0 0 0 0 0 0 0 
10082 62484 731 2105.63 0 0 0 0 1597 0 0 0 0 1339 0 0 0 0 0 0 0 0 1367 0 723 0 0 0 0 0 0 0 0 0 0 0 
10083 63366 334 893.802 0 0 0 0 0 0 0 0 0 0 0 0 340 790 657 0 0 0 0 0 0 0 0 0 0 0 0 0 0 0 0 0 
10083 63484 452 1228.91 0 0 0 0 0 980 0 1034 0 0 0 0 0 301 0 0 0 0 491 0 0 645 0 3975 0 0 0 0 0 0 0 0 
10083 63589 557 1559.37 0 0 1189 0 0 0 0 0 0 0 0 944 0 0 0 0 0 0 0 0 0 0 0 0 0 0 2375 3623 0 0 0 0 
10083 63968 936 2620.49 0 0 0 0 0 0 896 0 0 0 0 0 0 0 0 0 3995 0 1552 0 0 707 0 3995 0 0 0 0 0 0 0 0 
10085 65795 212 627.642 0 1894 0 0 0 0 0 0 0 0 1373 0 0 0 0 0 0 0 1001 0 666 0 0 0 0 0 0 0 0 0 0 0 
10085 66619 1036 2944.65 0 0 0 0 0 0 0 0 0 0 0 0 610 0 0 0 0 0 0 0 0 0 0 0 0 0 0 949 0 0 0 0 
10086 67264 417 1246.7 0 0 0 0 538 574 0 0 0 0 0 0 0 0 0 0 0 0 0 0 0 0 0 0 0 0 0 0 0 0 0 0 
10088 70133 806 2303.97 0 0 0 0 566 0 0 0 0 0 0 0 0 0 0 0 0 0 0 0 0 0 0 0 0 0 0 0 0 622 0 0 
10089 70835 250 725.469 0 0 0 0 0 0 0 0 0 0 0 0 0 0 0 0 0 0 0 0 0 0 0 0 0 0 0 0 3931 0 0 3931 
10092 73353 9 11.2713 0 0 0 0 0 0 0 0 0 0 0 0 0 0 0 0 0 1224 0 0 816 0 0 0 0 0 0 0 2834 660 0 0 
10115 74558 170 522.812 0 0 0 0 0 0 0 0 0 0 0 0 533 0 0 0 0 0 0 0 0 0 689 0 0 0 0 0 0 0 0 0 
10116 75938 1023 2942.31 0 0 0 0 0 0 0 0 0 0 0 694 0 0 503 0 0 0 0 0 0 0 0 0 0 0 0 0 0 0 0 0 
10116 76112 1197 3441.79 0 0 0 0 0 0 0 0 0 0 0 0 0 0 526 0 0 0 0 0 0 0 528 0 0 0 0 0 0 0 0 0 
10117 76718 554 1593.5 0 0 0 548 0 0 0 0 0 0 0 0 0 0 0 0 0 0 0 0 0 0 0 0 0 0 0 551 0 0 0 0 
10117 77132 968 2787.68 0 0 0 1134 0 0 0 0 0 0 1479 0 0 0 0 0 0 1957 0 0 1890 0 0 0 0 0 0 0 0 0 0 0 
10118 77863 430 1257.57 0 901 0 0 0 0 0 1089 0 0 0 0 0 0 0 0 0 0 875 0 0 615 0 1047 0 0 0 0 0 0 0 0 
10118 77926 493 1438.95 0 0 549 0 0 0 0 0 0 538 0 0 0 0 0 0 0 0 0 0 0 0 0 0 0 0 0 0 0 0 0 0 
10118 78198 765 2189.6 0 0 3462 0 0 0 0 0 0 0 1634 0 0 0 0 0 0 0 0 0 0 0 0 0 0 0 0 0 1084 1285 0 0 
10118 78603 1170 3416.44 0 0 0 0 0 0 0 0 0 0 0 0 0 0 0 0 0 808 0 0 527 0 0 0 0 0 3818 3880 0 0 0 0 
10119 79683 1016 2804.98 0 0 0 0 0 0 0 0 0 0 0 0 0 0 0 0 0 4060 0 0 4060 0 0 0 0 0 0 156 4060 3791 0 112 
10120 80741 766 2195.48 0 0 0 1399 0 0 0 0 0 840 0 0 0 0 0 0 0 1275 0 0 643 0 0 0 0 0 0 0 0 0 0 0 
10120 80824 849 2438.3 511 0 0 0 0 0 0 0 0 0 0 0 0 0 0 0 0 0 0 552 0 0 0 0 0 0 0 0 0 0 0 0 
10120 81173 1198 3438.04 0 0 0 0 0 0 0 0 0 0 0 0 0 0 0 530 0 0 0 571 0 0 0 0 0 0 0 0 0 0 0 0 
10120 81231 1256 3600.55 1600 0 0 0 0 0 0 0 0 0 0 1335 0 0 0 0 0 0 1281 0 0 940 0 0 0 0 0 0 0 0 0 0 
10122 83452 973 2658.04 0 0 0 0 0 0 0 0 0 0 0 0 0 0 0 0 0 1175 0 0 795 0 0 0 0 0 3115 2317 0 0 0 0 
10123 83941 170 512.842 3059 0 0 0 0 0 0 0 2027 0 0 0 0 0 0 0 0 0 0 0 0 0 0 0 0 0 0 0 0 0 3861 3949 
10124 85462 465 1246.66 0 0 0 0 0 0 1305 0 0 0 0 0 0 0 0 3845 0 1148 0 4076 0 762 0 0 0 0 0 0 0 0 0 0 
10125 87111 820 2418.65 3917 274 0 0 0 0 0 288 3959 343 0 0 0 0 0 3937 0 0 0 2956 0 0 0 0 0 0 0 0 0 0 234 0 
10129 88644 1118 3267.72 0 0 0 0 0 0 608 0 0 0 0 0 0 0 0 0 0 0 0 121 0 0 0 0 0 0 0 0 0 0 0 959 
10130 89266 510 1379.99 0 0 0 0 0 1127 0 0 0 0 941 0 0 0 0 0 0 0 1232 0 0 788 0 0 0 0 0 0 0 0 0 0 
10130 89685 929 2604.06 0 0 0 0 0 0 970 0 0 0 0 0 0 0 0 0 0 0 986 2467 1280 0 0 0 0 0 0 0 0 0 0 0 
10133 93797 1179 3367.93 0 0 0 0 0 0 0 0 0 0 0 704 0 0 0 0 0 0 0 0 0 0 0 0 0 0 0 0 0 0 634 0 
10134 94039 157 442.315 0 0 0 0 0 0 1068 0 0 0 0 0 0 0 0 0 0 0 1041 0 0 701 0 1429 0 0 0 0 0 0 0 0 
10134 94487 605 1703.57 0 0 0 0 0 0 373 0 0 0 0 0 0 0 0 793 0 0 0 743 0 0 0 0 0 0 0 0 0 0 0 0 
10134 94598 716 2030.37 0 0 1102 0 0 0 0 0 0 959 0 0 0 0 0 0 0 0 0 0 0 0 0 0 0 0 0 0 2254 0 0 0 
10134 94674 792 2230.27 0 0 0 0 0 0 0 0 0 0 0 1056 0 0 0 0 0 0 0 0 0 0 0 0 499 3013 0 0 0 0 0 0 
10134 94977 1095 3129.01 0 0 0 0 0 0 0 0 0 0 0 0 0 528 641 0 0 0 0 0 0 0 0 0 0 0 0 0 0 0 0 0 
10135 96205 1075 2962.32 0 0 1217 0 0 0 0 0 0 0 0 1894 0 0 0 0 0 0 0 0 0 0 0 0 0 0 0 0 1147 1574 0 0 
10136 97747 1307 3523.72 0 0 0 0 0 0 0 0 0 0 0 0 0 0 0 519 0 0 0 619 0 0 0 0 0 0 0 0 0 0 0 0 
10137 97947 173 447.064 0 1652 0 0 0 0 0 1031 0 0 0 0 0 0 0 3096 0 0 0 3958 0 0 0 0 0 0 0 0 0 0 0 0 
10137 98524 750 2125.79 0 0 0 0 0 0 0 0 0 0 0 0 0 0 0 0 0 0 830 0 800 0 0 0 0 0 3978 3978 0 0 0 0 
10137 98839 1065 3015.75 0 0 0 0 0 0 0 0 0 0 0 0 0 1917 2698 0 0 0 2538 0 0 2402 0 0 0 0 0 0 0 0 0 0 
10138 99782 737 2093.92 0 0 0 0 0 0 902 0 0 0 0 0 0 0 0 0 0 2647 0 2597 0 591 0 0 0 0 0 0 0 0 0 0 
10138 99903 858 2430.83 0 0 0 0 0 0 0 0 0 0 0 0 0 3878 3878 0 0 0 3858 0 0 3858 115 0 0 0 0 0 0 0 0 0 
10139 100318 32 112.453 0 0 0 0 0 0 0 0 0 0 0 0 0 678 0 0 0 0 0 0 0 0 517 0 0 0 0 0 0 0 0 0 
10140 101798 246 705.136 0 0 0 0 0 1800 0 0 0 0 0 1744 0 0 0 0 0 0 0 0 0 0 0 0 2852 3305 0 0 0 0 0 0 
10141 102983 109 320.967 247 3966 0 0 0 0 493 4072 0 0 0 0 0 0 0 4072 0 0 0 4052 0 0 0 0 0 0 0 0 0 0 0 0 
10141 103886 1012 2985.52 0 0 0 0 0 0 0 0 0 0 0 0 0 950 535 0 0 0 0 0 0 0 0 0 0 0 0 0 0 0 0 0 
10141 104008 1134 3313.17 0 0 0 0 0 0 0 0 0 538 0 0 0 260 537 0 0 0 0 0 0 0 0 0 0 0 0 0 0 0 0 0 
10142 104328 217 578.956 0 0 0 0 0 0 0 0 695 519 0 0 0 0 0 0 0 0 0 0 0 0 0 0 0 0 0 0 0 0 0 0 
10142 104459 348 967.415 0 0 0 0 0 0 0 0 0 0 0 0 642 0 0 0 0 0 0 0 0 0 0 0 0 0 0 819 0 0 0 0 
10142 104821 710 1967.93 0 0 0 0 0 0 0 0 0 0 0 0 0 3998 582 0 0 0 1042 0 0 538 164 0 0 0 0 0 0 0 0 0 
10142 104887 776 2180.08 1573 0 0 0 0 0 0 0 0 1705 0 0 0 0 0 0 0 1479 0 0 1368 0 0 0 0 0 0 0 0 0 0 0 
10142 104913 802 2254.33 0 0 0 0 0 0 0 0 0 609 0 0 0 0 0 0 0 560 0 0 0 0 0 0 0 0 0 0 0 0 0 0 
10143 105887 514 1404.47 0 1709 0 0 0 0 0 0 1077 0 0 0 0 0 0 2976 0 0 0 2547 0 0 0 0 0 0 0 0 0 0 0 0 
10144 106842 201 588.632 0 0 0 0 0 0 0 0 0 606 0 0 0 0 547 0 0 0 0 0 0 0 0 0 0 0 0 0 0 0 0 0 
10144 106857 216 624.507 0 0 0 0 0 1183 0 1335 0 0 0 0 0 0 0 0 2672 0 0 0 0 0 0 3956 0 0 0 0 0 0 0 0 
10145 108061 189 554.51 0 0 0 0 0 0 1102 0 0 0 0 0 0 0 0 4032 0 880 0 505 0 675 0 0 0 0 0 0 0 0 0 0 
10145 108548 676 1880.74 0 0 0 0 0 1195 1409 0 0 0 0 0 0 0 0 0 0 0 0 0 0 0 0 0 0 0 0 0 0 0 0 0 
10145 108806 934 2575.89 0 1219 0 0 0 0 0 0 0 904 0 0 0 0 0 0 0 2200 0 0 3947 0 0 0 0 0 0 0 0 0 0 0 
10146 110304 1110 3109.93 0 0 1005 0 0 0 0 0 929 0 0 0 0 0 0 0 0 809 0 0 667 0 0 0 0 0 0 0 0 0 0 0 
10147 111446 977 2768.01 1070 0 0 0 0 0 0 0 0 0 0 1269 0 0 0 0 0 0 0 0 0 0 0 0 0 0 3903 3903 91 0 0 0 
10147 111533 1064 3015.86 0 0 0 0 0 0 0 0 0 0 0 0 0 583 0 0 0 519 0 0 0 0 0 0 0 0 0 0 0 0 0 0 
10148 112033 309 906.193 0 0 0 0 0 0 0 0 0 0 0 0 0 0 0 532 0 0 0 0 0 0 0 0 0 0 0 0 0 0 511 0 
10148 112053 329 957.176 0 0 0 0 0 804 0 0 912 0 0 0 0 890 302 0 0 0 511 0 0 667 0 1736 0 0 0 0 0 0 0 0 
10148 112686 962 2672.8 1504 0 0 0 0 0 0 1569 0 0 0 0 0 0 0 2408 0 0 0 3754 0 0 0 0 0 0 0 0 0 0 0 0 
10150 113240 448 1219.16 0 0 0 0 0 0 0 0 0 560 0 0 0 0 545 0 0 0 0 0 0 0 0 0 0 0 0 0 0 0 0 0 
10150 113667 875 2469.27 0 0 0 0 0 0 0 0 0 0 0 0 0 0 0 553 0 0 0 776 0 0 0 0 0 0 0 0 0 0 0 0 
10151 114895 834 2295.92 0 0 0 1075 0 0 0 0 0 0 1236 0 0 0 0 0 0 0 703 0 0 716 0 0 0 0 0 0 0 0 0 0 
10151 115289 1228 3409.42 0 284 1100 0 0 0 0 0 382 1367 0 0 0 0 0 0 0 1575 0 0 1087 0 0 0 0 0 0 0 0 0 0 0 
10151 115307 1246 3447.77 0 0 0 0 0 0 0 0 0 0 0 0 0 0 0 555 0 0 0 0 0 0 0 0 0 588 0 0 0 0 0 0 
10152 115443 78 203.121 2144 0 0 0 0 0 0 0 0 1638 0 0 0 0 0 0 0 0 0 0 0 0 0 0 0 0 1295 1726 0 0 0 0 
10152 115493 128 353.557 0 0 0 0 0 623 0 0 0 361 0 0 0 0 0 0 0 0 0 0 0 0 0 0 0 0 0 0 0 0 116 695 
10152 116022 657 1872.59 2547 0 0 0 0 0 0 0 0 3897 0 0 0 0 0 0 0 0 0 0 0 0 0 0 0 0 0 0 3877 3877 0 0 
10153 117385 736 2080.96 0 0 0 0 0 0 0 0 0 0 0 0 0 0 0 821 0 0 0 554 0 0 0 0 0 0 0 0 0 0 0 0 
10153 117514 865 2463.92 0 0 0 0 0 0 0 0 0 0 0 0 0 527 755 0 0 0 0 0 0 0 0 0 0 0 0 0 0 0 0 0 
10153 117531 882 2517.57 1961 0 0 0 0 0 0 0 0 1084 0 0 0 0 0 0 0 0 0 0 0 0 0 0 0 0 0 0 2481 2421 0 0 
10154 119119 1200 3331.11 0 0 0 0 0 0 0 0 0 0 0 0 572 0 0 0 0 0 0 0 0 0 0 0 0 0 0 0 0 750 0 0 
10155 119268 60 196.406 0 0 0 0 0 3924 0 0 0 0 1568 0 0 0 0 0 0 0 0 0 0 0 0 0 2354 2450 0 0 0 0 0 0 
10155 119375 167 507.461 0 0 0 0 0 0 0 0 505 0 0 0 0 0 0 0 0 0 0 553 0 0 0 0 0 0 0 0 0 0 0 0 
10157 122459 717 2047.61 0 0 2327 627 0 0 0 0 0 1639 0 0 2419 0 0 0 0 0 0 0 0 0 2195 0 0 0 0 0 0 0 0 0 
10160 126675 1117 3136.11 0 0 0 0 2011 0 455 732 3341 0 0 0 0 0 0 289 4056 0 925 0 0 0 0 4056 0 0 0 0 0 0 0 0 
10160 126786 1228 3435.71 0 1123 0 0 0 0 0 1010 0 0 0 0 0 0 0 2031 0 0 0 2369 0 0 0 0 0 0 0 0 0 0 0 0 
10162 128208 91 252.237 0 0 0 0 0 0 0 0 0 0 0 0 522 0 0 0 0 0 0 0 0 0 514 0 0 0 0 0 0 0 0 0 
10163 129855 538 1593.43 0 0 0 0 0 0 0 0 0 0 0 0 520 0 0 615 0 0 0 133 0 0 0 0 0 0 0 0 0 0 0 0 
10164 130659 72 190.643 0 0 0 0 0 0 0 0 0 0 0 0 0 548 0 0 0 0 0 0 0 0 0 0 0 0 0 645 0 0 0 0 
10164 131113 526 1378.86 0 0 0 0 0 0 0 583 0 0 0 0 0 0 0 0 0 0 0 0 0 0 0 0 0 0 0 0 0 0 0 552 
10164 131346 759 2055.12 0 0 0 0 0 0 0 0 0 0 0 0 0 0 0 0 0 1076 0 0 889 0 0 0 0 0 0 0 0 0 0 0 
10165 132228 307 859.563 0 0 0 1217 0 0 0 0 1105 0 0 0 0 0 0 0 0 917 0 0 0 1392 0 0 0 0 0 0 0 0 0 0 
10166 133771 533 1529.78 0 4036 3239 0 0 0 4036 291 0 0 0 0 0 0 0 4036 0 0 0 246 0 0 0 0 0 0 0 0 0 0 0 0 
10168 136426 680 1979.13 3121 0 0 0 0 0 0 0 0 1344 0 0 0 0 0 0 0 152 1028 0 0 1101 0 0 0 0 0 0 0 0 0 0 
10169 137957 954 2675 0 0 0 0 0 0 0 0 0 0 0 0 341 0 0 0 0 0 0 0 0 0 189 0 3860 3860 0 0 0 0 0 0 
10170 138613 315 941.849 0 0 0 0 0 0 0 0 0 638 0 0 0 0 0 0 0 632 0 0 0 0 0 0 0 0 0 0 0 0 0 0 
10170 139405 1107 3324.4 0 0 0 503 0 0 0 0 0 525 0 0 0 0 0 0 0 0 0 0 0 0 0 0 0 0 0 0 0 0 0 0 
10173 141062 271 793.939 0 0 0 0 0 0 0 0 0 0 0 0 1599 0 0 0 0 0 1047 0 0 93 2558 0 0 0 0 0 0 0 0 0 
10174 142744 684 1983.8 0 0 0 2836 0 0 706 0 0 0 0 0 0 0 0 0 0 0 0 0 0 0 0 0 0 0 0 0 0 0 0 0 
10174 143083 1023 2936.62 0 0 1619 0 0 0 0 0 1367 0 0 0 0 0 0 0 1090 0 0 2728 0 0 0 0 0 0 0 0 0 0 0 0 
10175 143369 64 203.158 0 0 0 0 0 0 0 0 0 0 0 0 0 0 0 0 0 0 0 0 0 0 0 0 0 0 0 0 543 587 0 0 
10175 143947 642 1813.33 0 0 0 0 0 0 0 0 0 0 0 0 0 0 745 0 0 635 0 0 0 0 0 0 0 0 0 0 0 0 0 0 
10176 144577 21 50.7723 0 0 0 0 0 432 602 1756 0 0 0 0 0 0 328 0 4041 0 0 0 0 0 0 4041 0 0 0 0 0 0 0 0 
10176 145524 968 2877.25 0 0 0 0 0 767 0 0 0 0 0 834 0 0 0 0 0 0 1886 0 1068 0 0 0 0 0 0 0 0 0 0 0 
10177 146452 668 1867.73 0 0 1557 0 0 0 0 1073 0 0 0 0 0 0 0 0 3930 0 0 0 0 0 0 3930 0 0 0 0 0 0 0 0 
10177 146583 799 2280.36 0 0 0 0 0 0 0 0 0 0 0 0 0 0 0 589 0 0 0 565 0 0 0 0 0 0 0 0 0 0 0 0 
10177 146876 1092 3054.17 1518 0 0 0 0 0 0 1049 0 0 0 0 0 0 0 0 0 0 1180 0 0 857 0 0 0 0 0 0 0 0 0 0 
10177 147026 1242 3459.15 0 0 0 0 0 0 0 0 0 0 0 0 0 556 588 0 0 0 0 0 0 0 0 0 0 0 0 0 0 0 0 0 
10178 147416 344 991.25 0 0 0 0 0 0 0 0 0 0 0 651 0 0 0 0 0 0 0 0 0 0 0 0 0 0 0 0 0 0 0 687 
10178 147991 919 2612.42 0 0 0 0 0 0 0 0 0 0 0 0 0 0 0 0 0 0 0 0 0 0 0 0 0 0 0 0 0 0 614 708 
10178 148156 1084 3092.46 0 0 0 0 0 0 0 0 0 0 0 0 0 0 553 0 0 0 0 0 0 0 0 0 0 0 0 0 0 531 0 0 
10179 148582 250 715.911 0 0 0 0 0 0 0 0 0 0 0 0 0 0 0 528 0 0 0 0 0 0 0 0 0 0 0 0 0 0 0 563 
10179 148630 298 824.058 0 0 0 0 0 0 0 0 0 0 0 0 0 0 0 510 0 0 0 0 0 0 0 0 0 0 0 0 0 0 0 600 
10180 150710 1082 2956.93 0 0 0 0 0 896 0 0 0 0 1948 0 0 0 0 0 0 0 0 0 0 0 0 0 664 0 0 0 0 0 0 0 
10180 150720 1092 2976.03 0 0 619 0 0 0 0 0 0 0 0 522 0 0 0 0 0 0 0 0 0 0 0 0 0 0 0 0 0 0 0 0 
10182 152845 664 1942.52 0 0 0 1309 0 0 0 1495 0 0 0 0 0 0 0 0 0 1503 0 0 0 640 0 0 0 0 0 0 0 0 0 0 
10182 153388 1207 3592.98 0 0 0 0 0 0 0 0 0 0 0 0 0 702 0 0 0 0 0 0 0 0 0 0 0 0 0 0 0 0 561 0 
10183 153832 441 1177.41 1358 0 0 0 0 0 0 0 1612 0 0 0 0 0 0 0 0 0 0 0 0 0 0 0 1067 1904 0 0 0 0 0 0 
10184 155047 304 860.4 0 1164 0 0 0 0 0 0 1973 0 0 0 0 0 0 0 0 0 671 0 0 646 0 0 0 0 0 0 0 0 0 0 
10184 155446 703 2054.71 0 0 0 0 955 0 0 0 0 1095 0 0 0 0 0 0 0 0 0 0 0 0 0 0 1418 334 0 3563 0 0 0 0 
10186 158008 684 1994.32 0 0 0 0 0 0 575 0 0 0 0 0 0 0 0 0 0 0 0 0 0 0 0 0 0 0 0 702 0 0 0 0 
10187 158949 369 1112.42 0 0 0 0 0 0 0 0 0 0 0 0 0 710 768 0 0 0 0 0 0 0 0 0 0 0 0 0 0 0 0 0 
10187 159040 460 1373.72 547 0 0 0 0 0 0 0 0 0 0 0 0 0 0 0 0 0 0 0 0 0 0 0 0 0 0 0 0 0 0 713 
10188 160488 668 1778.08 0 0 0 0 0 0 0 0 0 0 0 0 0 615 520 0 0 0 0 0 0 0 0 0 0 0 0 0 0 0 0 0 
10188 160997 1177 3258.89 0 0 0 0 0 0 0 0 0 0 0 0 0 0 0 0 2277 0 2138 0 0 1080 0 3517 0 0 0 0 0 0 0 0 
10191 164689 948 2697.11 0 0 0 0 0 0 0 0 0 0 0 0 2548 0 0 0 0 0 1313 0 1237 0 1778 0 0 0 0 0 0 0 0 0 
10191 164978 1237 3494.21 0 2433 324 0 0 0 0 0 3954 0 0 0 0 0 0 0 0 0 0 1101 0 0 0 0 0 0 0 0 0 0 4045 4045 
10192 165997 983 2802.12 0 1472 0 0 0 0 0 0 1446 0 0 0 0 0 0 0 0 0 0 194 0 0 0 0 0 0 1480 0 0 0 0 0 
10193 166384 101 292.5 0 0 0 0 0 0 0 0 0 0 0 0 648 0 0 0 0 0 0 0 0 0 0 0 0 0 0 529 0 0 0 0 
10193 166784 501 1563.32 0 0 0 0 0 588 0 993 0 0 0 0 0 1908 2438 0 0 0 0 0 0 0 0 0 0 0 0 0 0 0 0 0 
10193 166992 709 2117.7 0 0 0 0 1070 0 0 0 0 1449 0 0 0 0 0 0 0 0 1267 0 0 475 0 0 0 0 0 0 0 0 0 0 
10194 167638 119 335.158 1427 391 0 0 0 0 0 0 0 0 1645 0 0 0 0 0 0 0 0 0 0 0 0 0 0 0 3904 3904 0 0 0 0 
10194 168165 646 1771.38 0 0 0 0 0 1719 0 0 1128 0 0 0 0 0 0 0 0 0 672 0 0 971 0 0 0 0 0 0 0 0 0 0 
10195 169402 597 1725.52 0 0 0 0 1250 0 0 0 0 0 2428 0 0 0 0 0 0 0 1009 0 0 782 0 0 0 0 0 0 0 0 0 0 
10195 169448 643 1853.78 0 0 0 0 690 0 0 0 0 0 0 0 0 0 541 0 0 0 0 0 0 0 0 0 0 0 0 0 0 0 0 0 
10197 171520 158 451.076 1225 0 0 0 0 0 0 0 0 898 0 0 0 0 0 0 0 0 0 0 0 0 0 0 0 0 0 0 0 0 4053 4053 
10197 172582 1220 3535.43 0 0 0 0 0 0 0 0 0 0 0 0 4019 0 0 0 0 0 0 0 0 0 3999 0 3999 3999 0 0 0 0 0 0 
10198 172673 71 169.814 228 2089 0 0 0 0 0 0 0 0 0 1309 0 0 0 0 0 0 978 0 1093 0 0 0 0 0 0 0 0 0 0 0 
10198 172997 395 1050.39 0 0 0 0 0 0 0 0 624 503 0 0 0 0 0 0 0 0 0 0 0 0 0 0 0 0 0 0 0 0 0 0 
10199 174089 200 548.325 0 0 0 1418 0 0 0 0 0 0 1743 0 0 0 0 0 0 0 0 0 0 0 0 0 4002 3507 655 4002 0 0 0 0 
10199 174180 291 790.347 0 537 0 0 0 0 0 0 0 0 0 0 0 0 0 0 0 0 0 0 0 0 0 0 0 0 0 0 0 0 700 0 
10199 174601 712 1982.45 0 0 0 2070 641 0 0 0 2116 0 0 0 0 2839 4014 0 0 0 0 0 0 0 0 0 0 0 0 0 0 0 0 0 
10199 174931 1042 2930.66 0 0 0 0 0 0 0 0 0 0 0 0 923 0 0 0 0 0 890 0 928 0 1757 0 0 0 0 0 0 0 0 0 
10200 175192 23 78.4904 0 0 0 0 0 0 0 0 0 0 0 0 0 0 0 0 0 579 0 0 0 0 0 0 0 0 0 0 0 0 707 0 
10200 175513 344 1013.83 0 0 0 0 0 0 0 0 0 0 0 0 0 704 0 0 0 633 0 0 0 0 0 0 0 0 0 0 0 0 0 0 
10201 177304 886 2429.15 0 0 0 0 0 0 0 0 0 0 0 0 574 0 278 0 0 0 0 0 0 0 1263 0 0 0 0 0 0 0 0 0 
10202 178356 641 1836.73 0 0 0 0 1972 0 0 0 1689 591 0 0 0 0 0 2639 0 0 0 2512 0 0 0 0 0 0 0 0 0 0 0 0 
10203 179578 618 1696.44 0 0 0 0 0 0 0 0 0 0 0 0 0 0 0 0 0 1110 0 0 824 0 0 0 0 0 1171 2392 1017 1124 0 0 
10203 180126 1166 3252.61 0 0 0 0 0 0 0 0 0 0 0 0 0 0 0 0 0 577 0 0 0 0 0 0 0 0 0 0 0 0 748 0 
10204 180946 705 1984.34 0 0 0 0 0 0 0 0 0 0 0 0 0 0 0 0 0 0 0 0 0 0 0 0 1013 1703 0 0 0 0 0 0 
10204 181148 907 2574.74 0 0 0 0 0 0 2245 0 0 0 0 0 0 0 0 4017 0 0 0 3983 0 0 0 0 0 0 0 0 0 0 249 0 
10205 181562 53 163.266 0 950 524 0 0 0 0 0 0 795 0 0 0 0 0 0 0 0 0 0 0 0 0 0 0 0 0 0 4086 2735 0 614 
10205 181654 145 420.785 0 1297 0 0 0 0 0 0 324 1576 0 0 0 0 0 3013 0 0 0 2690 0 0 0 0 0 0 0 0 0 0 0 0 
10205 182468 959 2689.32 0 0 0 638 0 0 0 0 0 0 1144 0 0 0 0 0 0 2178 0 0 1494 0 0 0 0 0 0 0 0 0 0 0 
10205 182741 1232 3450.05 0 0 0 0 0 0 0 0 0 0 0 0 0 0 0 0 0 925 0 0 889 0 0 0 0 0 1765 2861 0 0 0 0 
10207 184197 142 349.183 0 0 1748 0 0 0 0 0 863 0 0 0 0 0 0 0 0 1041 0 0 0 664 0 0 0 0 0 0 0 0 0 0 
10207 185168 1113 3145.48 0 0 0 0 0 0 0 0 0 0 0 0 675 0 0 0 0 0 0 0 0 0 0 0 0 0 0 765 0 0 0 0 
10207 185206 1151 3258.75 0 0 0 0 0 0 0 0 0 0 0 0 1928 0 0 0 0 0 0 0 0 0 1435 0 2033 684 3969 636 0 0 0 0 
10209 187577 988 2847.15 0 0 0 0 0 0 0 0 0 0 0 0 0 3727 3886 0 0 0 3866 0 0 1696 0 0 0 0 0 0 0 0 0 0 
10210 188925 1070 2973.35 0 0 0 0 0 792 0 1173 0 0 0 0 0 0 0 0 1850 0 0 0 0 0 0 4028 0 0 0 0 0 0 0 0 
10213 191819 158 519.674 2545 0 0 0 0 0 0 0 911 0 0 0 0 0 0 0 0 1131 0 0 663 0 0 0 0 0 0 0 0 0 0 0 
10213 192251 590 1712.63 0 0 0 0 0 0 0 0 0 0 1721 0 0 0 0 0 0 0 829 0 0 739 0 0 0 0 0 0 0 0 0 0 
10213 192290 629 1821.12 0 0 0 0 0 0 1287 0 0 0 0 0 0 0 0 1458 0 0 0 3938 0 0 0 0 0 0 0 0 0 0 3691 3059 
10214 193868 927 2694.89 0 0 1658 0 0 0 0 0 1686 0 0 0 0 0 0 0 0 0 0 163 0 0 0 0 0 0 0 0 0 0 2685 3059 
10215 194656 481 1383.47 0 784 0 0 0 0 0 0 0 0 2003 0 0 0 0 0 0 1475 0 0 973 0 0 0 0 0 0 0 0 0 0 0 
10216 196178 736 2145.55 0 0 0 0 0 0 1225 0 0 0 0 0 0 240 0 0 787 0 0 0 0 0 0 0 0 0 0 0 0 0 0 0 
10216 196630 1188 3423.42 0 0 0 0 1869 0 0 0 0 0 1533 0 0 0 0 0 0 0 0 0 0 0 0 0 0 0 0 0 0 0 2868 2779 
10217 196767 69 226.813 0 4014 0 0 0 0 0 1754 0 0 0 0 0 2142 2681 0 0 0 0 0 0 0 0 0 0 0 0 0 0 0 0 0 
10217 196812 114 347.212 0 0 0 0 0 0 1241 0 0 0 0 0 0 3969 3621 0 0 0 0 0 0 0 0 0 0 0 0 0 0 0 0 0 
10218 199098 1155 3319.3 0 0 0 0 0 0 1473 0 0 0 0 0 0 0 0 0 3931 0 894 0 0 642 0 3931 0 0 0 0 0 0 0 0 
10219 200233 1047 3196.29 0 0 0 0 0 0 0 0 0 2923 0 0 0 0 0 0 0 4055 0 0 4055 0 0 0 0 0 0 0 4055 4055 141 1630 
10219 200236 1050 3199.57 0 0 0 0 0 0 0 0 0 508 0 0 0 0 0 0 0 0 0 0 0 0 0 0 0 0 0 0 1056 0 0 0 
10220 200506 132 362.61 1257 0 0 0 0 0 0 308 0 0 0 0 0 0 0 4053 0 0 0 4033 0 0 0 0 0 0 0 0 0 0 0 0 
10221 202067 422 1185.46 0 0 0 1300 0 0 0 0 0 2006 0 0 0 0 0 0 0 1838 0 0 0 991 0 0 0 0 0 0 0 0 0 0 
10223 204641 525 1495.9 0 0 0 0 978 0 0 0 1043 0 0 0 0 0 0 0 0 0 0 0 0 0 0 0 1607 1255 0 0 0 0 0 0 
10226 207677 134 360.995 0 0 0 0 0 0 1116 203 0 0 0 0 0 0 0 3936 0 1193 0 3916 0 1242 0 0 0 0 0 0 0 0 0 0 
10226 208132 589 1735.78 0 0 0 0 0 0 0 0 0 0 0 0 585 0 0 0 0 0 0 0 0 0 523 0 0 0 0 0 0 0 0 0 
10226 208769 1226 3536.53 0 0 0 1274 0 0 0 0 0 0 0 1141 0 0 0 0 0 0 821 0 1445 0 0 0 0 0 0 0 0 0 0 0
10227 209575 782 2184.16 0 0 0 0 0 0 0 0 0 0 0 0 0 0 0 0 0 0 1715 0 2745 0 0 0 805 0 0 2731 0 0 0 0 
10227 209909 1116 3151.03 239 1724 0 0 0 0 3971 0 0 0 0 0 0 0 0 0 0 0 0 138 0 0 0 0 0 0 0 0 0 0 0 0 
10227 209971 1178 3362.59 0 0 0 0 0 1207 0 970 0 0 0 0 0 3909 3046 0 0 0 0 0 0 0 0 0 0 0 0 0 0 0 0 0 
10228 211022 960 2689.65 0 0 0 0 0 0 0 0 0 0 0 0 720 0 0 0 0 0 0 0 0 0 0 0 0 1019 0 0 0 0 0 0 
10228 211149 1087 3042.08 0 0 0 0 0 0 0 0 0 0 0 0 626 0 0 0 0 0 0 0 0 0 756 0 0 0 0 0 0 0 0 0 
10230 212760 199 564.591 0 0 0 0 0 0 0 0 0 0 0 1286 2376 0 0 0 0 0 665 0 892 0 1618 0 2992 0 0 0 0 0 0 0 
10233 214113 114 363.354 0 0 0 0 0 0 0 0 0 0 0 0 0 0 0 0 0 0 0 0 0 0 0 0 0 0 0 892 0 0 118 946
