10789 1592 395 1167.45 0 0 0 0 0 0 0 0 0 0 0 486 0 0 0 3927 0 0 0 2461 0 0 0 0 0 0 0 0 0 0 0 0 
10789 2334 1137 3440.93 1392 0 0 0 0 0 0 0 0 0 0 1793 0 0 0 0 0 0 0 0 0 0 0 0 0 0 0 0 0 0 0 0 
10790 2519 133 389.648 0 0 0 0 1658 0 0 1604 0 0 0 0 0 0 0 0 4015 0 0 0 0 0 0 4015 0 0 0 0 0 0 0 0 
10790 2644 258 796.312 0 0 0 1818 0 0 0 3021 0 0 0 0 0 0 291 0 2787 0 2754 0 0 2677 0 3890 0 0 0 0 0 0 0 0 
10790 2659 273 835.857 0 0 0 238 0 0 0 0 0 0 0 0 0 0 0 0 0 0 719 0 461 0 0 0 1836 2197 0 0 0 0 0 0 
10790 2980 594 1777.55 0 0 1007 0 0 0 0 0 0 1197 0 0 0 0 0 0 0 1657 0 0 0 863 0 0 0 0 0 0 0 0 0 0 
10790 3447 1061 3240.37 0 0 2306 0 0 0 0 0 0 0 4083 0 0 0 0 0 0 0 0 0 0 0 0 0 0 0 0 0 1830 0 0 708 
10791 3938 380 1133.13 0 1589 0 0 0 0 0 0 0 0 3000 0 0 0 0 0 0 0 0 0 0 0 0 0 0 0 3852 0 0 0 0 0 
10791 4113 555 1654.4 0 0 0 0 0 0 0 0 0 0 0 0 0 0 648 0 0 0 0 0 0 0 815 0 0 0 0 0 0 0 0 0 
10791 4593 1035 3141.63 0 0 0 0 0 0 0 0 0 0 0 0 0 0 0 0 0 0 0 0 0 0 0 0 0 0 0 0 0 0 642 620 
10793 6767 738 2223.2 0 0 0 0 0 0 0 0 0 0 0 0 0 0 0 0 0 0 560 0 0 0 0 0 390 0 0 1256 0 0 0 0 
10794 7882 642 1977.1 0 0 0 0 0 0 0 0 0 0 1166 0 0 0 0 0 0 3166 0 0 1113 162 0 0 0 0 0 0 3929 3929 0 1342 
10794 7926 686 2092.31 0 0 0 0 0 0 0 0 0 0 0 0 769 0 0 0 0 0 0 0 0 0 618 0 0 0 0 0 0 0 0 0 
10794 8005 765 2374.33 0 0 0 417 0 0 0 0 0 0 0 2948 0 0 0 0 0 0 704 0 833 0 0 0 0 0 0 583 0 0 0 0 
10794 8218 978 3039.82 0 0 0 0 0 0 0 0 0 0 0 0 0 0 0 0 0 0 0 0 0 0 0 0 0 0 0 0 0 0 757 772 
10795 8767 354 1101.39 0 0 0 0 0 0 0 0 0 0 0 0 603 0 0 0 0 0 0 0 0 0 764 0 0 0 0 0 0 0 0 0 
10796 9624 17 57.1346 0 0 0 0 0 0 0 0 543 0 0 0 0 0 0 0 0 0 0 0 0 0 0 0 0 0 0 0 0 0 0 532 
10796 9826 219 653.868 0 0 0 0 0 0 0 0 0 0 0 627 0 0 0 0 0 611 0 0 0 0 0 0 0 0 0 0 0 0 0 0 
10797 11597 807 2469.22 0 3101 0 0 0 0 0 0 0 3965 0 0 0 0 0 0 0 0 0 0 0 0 0 0 0 0 0 0 3978 2659 0 0 
10797 11874 1084 3250.36 0 0 0 0 892 0 0 0 1212 0 0 0 0 1984 1873 0 0 0 0 0 0 0 0 0 0 0 0 0 0 0 0 0 
10798 12045 55 169.749 0 0 0 0 0 0 1348 0 0 0 0 0 0 0 0 506 0 0 842 310 0 0 0 196 0 0 0 0 0 0 244 0 
10799 14027 857 2507.72 0 0 0 0 0 0 0 0 0 0 0 0 0 0 0 0 0 0 0 0 0 0 0 0 0 0 0 0 0 0 581 574 
10800 15255 866 2781.67 0 0 0 1388 0 0 0 0 1235 0 0 0 0 0 0 2992 0 0 0 2931 0 0 0 0 0 0 0 0 0 0 0 0 
10830 19018 1000 3080.97 0 0 0 1669 0 0 0 1227 0 0 0 0 0 235 0 0 0 0 635 0 746 0 0 0 0 0 0 0 0 0 0 0 
10832 21255 913 2730.07 0 0 0 0 0 0 0 0 0 0 0 0 0 0 547 0 0 0 0 0 0 0 0 0 0 0 0 0 0 568 0 0 
10833 21735 183 556.636 0 0 0 0 0 0 0 0 0 0 0 0 0 627 642 0 0 0 0 0 0 0 0 0 0 0 0 0 0 0 0 0 
10833 22195 643 1863.99 0 0 0 0 1203 0 0 0 1419 0 0 0 0 0 0 0 0 1125 0 0 1090 0 0 0 0 0 0 0 0 0 0 0 
10835 24749 776 2207.8 0 0 1418 0 0 0 0 0 1230 0 0 0 0 1362 1506 0 0 0 0 0 0 0 0 0 0 0 0 0 0 0 0 0 
10836 25579 348 1003.63 0 261 0 0 0 0 0 595 527 0 0 0 0 0 0 0 0 0 0 0 0 0 0 0 0 0 0 0 0 0 0 0 
10836 26235 1004 3008.14 0 0 0 0 0 0 0 0 0 0 0 0 0 0 0 770 0 0 0 0 0 0 0 0 0 0 0 0 0 0 0 923 
10836 26412 1181 3474.21 0 0 0 0 0 0 0 0 0 0 0 0 0 0 0 3935 0 1209 0 3949 0 745 0 0 0 0 0 0 0 0 0 0 
10837 26968 514 1447.08 0 0 0 0 0 0 0 0 0 0 0 0 0 0 0 520 0 0 0 0 0 0 0 0 0 0 0 0 0 0 0 1168 
10838 27877 156 450.021 0 0 0 0 1755 0 0 0 0 1134 0 0 0 0 0 0 0 0 0 0 0 0 0 0 1929 0 0 3333 0 0 0 0 
10838 28529 808 2349.25 0 0 0 0 0 0 0 0 0 0 0 0 0 0 0 0 0 1353 0 776 0 815 0 0 0 0 0 0 0 0 0 0 
10839 29931 974 2798.13 0 0 0 0 0 0 0 0 0 0 0 1184 0 0 0 0 0 0 661 0 940 0 0 0 0 0 0 0 0 0 0 0 
10840 30459 241 733.908 0 0 0 3697 0 0 0 1403 0 0 0 0 0 0 0 0 0 0 1714 0 0 388 0 3916 0 0 0 0 0 0 0 0 
10840 30795 577 1776.57 0 0 0 0 0 0 0 0 0 0 0 0 0 0 0 552 0 0 0 774 0 0 0 0 0 0 0 0 0 0 0 0 
10840 31059 841 2542.15 0 0 0 0 0 1636 0 1907 0 0 0 0 0 0 0 0 0 0 0 0 0 0 0 0 0 0 0 0 2640 1899 0 0 
10841 31449 16 43.9816 0 0 0 0 0 0 0 1944 0 0 0 0 0 0 0 0 0 0 862 0 0 777 0 0 0 0 0 0 0 0 0 0 
10843 33884 21 52.0887 0 1019 0 0 0 0 0 0 0 800 0 0 0 0 0 0 0 188 746 0 826 1246 0 0 0 0 0 0 0 0 0 0 
10843 34092 229 680.119 0 0 0 0 0 0 0 0 0 508 0 0 0 0 0 0 0 0 0 0 0 0 0 0 0 0 0 0 0 0 0 577 
10843 34404 541 1649.91 0 0 0 0 0 0 0 0 0 0 0 0 0 0 668 0 0 0 0 0 0 0 0 0 0 0 0 0 0 0 0 549 
10844 35520 449 1304.56 0 0 0 0 0 0 0 0 0 0 0 0 0 0 655 0 0 0 0 0 0 0 0 0 0 0 0 0 0 0 0 521 
10963 36434 106 322.759 0 0 0 0 0 0 0 0 0 0 0 0 0 0 0 0 0 0 0 0 0 0 0 0 0 0 0 0 107 1662 1708 2212 
10963 37002 674 2002.6 0 0 0 0 0 0 0 0 0 0 0 956 0 0 0 0 0 0 0 0 0 0 0 0 0 0 2472 0 3157 2490 0 0 
10963 37129 801 2395.46 0 0 0 0 1072 0 0 0 1865 0 0 0 0 0 0 0 0 0 970 0 0 706 0 0 0 0 0 0 0 0 0 0 
10965 38809 47 129.809 436 0 0 0 0 0 571 0 0 0 0 0 0 0 569 0 0 0 0 0 0 0 0 0 0 0 0 0 0 0 0 0 
10965 38927 165 435.173 0 0 0 0 0 0 0 0 0 0 0 0 0 990 0 0 0 0 0 0 0 0 0 555 0 0 0 0 0 0 0 0 
10966 40673 673 2002.09 0 0 0 743 0 0 0 0 545 0 0 0 0 0 0 0 0 0 0 0 0 0 0 0 0 0 0 0 0 0 0 0 
10968 43498 1036 3000.23 0 0 0 0 0 0 0 0 0 0 0 0 0 0 0 0 0 0 1145 0 798 0 0 0 1542 1402 0 0 0 0 0 0 
10969 43890 196 623.544 0 0 0 0 0 0 0 0 0 0 0 0 3450 0 0 0 0 0 1407 0 0 928 254 0 0 0 0 0 0 0 0 0 
10969 44073 379 1210.85 0 0 578 0 0 0 0 0 0 0 0 0 0 0 0 0 0 0 0 0 0 0 0 0 0 0 0 627 0 0 0 0 
10969 44535 841 2570.47 0 804 0 0 0 0 0 994 0 0 0 0 0 0 0 0 0 0 0 0 0 0 0 0 0 0 0 0 0 0 3173 3334 
10969 44705 1011 3023.25 0 939 0 0 0 0 0 0 0 0 650 0 0 0 0 0 0 1041 0 0 721 0 0 0 0 0 0 0 0 0 0 0 
10970 45903 999 2924.4 0 0 0 0 0 0 0 0 0 0 0 0 0 0 416 0 2017 0 1573 0 0 760 0 0 0 0 0 0 0 0 0 0 
10971 46739 598 1807.83 0 0 0 0 0 0 0 0 570 0 0 0 520 0 0 0 0 0 0 0 0 0 0 0 0 0 0 0 0 0 0 0 
10971 47100 959 2789.51 0 0 0 0 0 0 0 0 0 0 0 0 0 0 0 0 0 1752 0 0 0 1693 0 0 0 0 763 1770 0 0 0 0 
10972 48337 972 2766.57 0 0 0 1373 0 0 0 0 0 0 1174 0 0 0 0 0 0 921 0 0 1079 0 0 0 0 0 0 0 0 0 0 0 
10972 48559 1194 3405.44 0 0 516 0 0 0 0 0 530 0 0 0 0 0 0 0 0 0 0 0 0 0 0 0 0 0 0 0 0 0 0 0 
10973 49273 639 1884.91 0 0 0 0 0 0 0 0 0 0 0 0 549 0 0 0 0 0 0 0 0 0 619 0 0 0 0 0 0 0 0 0 
10974 50463 623 1772.29 0 0 0 0 0 0 0 0 0 0 0 0 565 0 0 0 0 0 0 0 0 0 0 0 0 0 0 720 0 0 0 0 
10974 50468 628 1778.22 0 0 0 0 1784 1863 0 1502 0 0 0 0 0 3076 3915 0 0 0 0 0 0 0 0 0 0 0 0 0 0 0 0 0 
11002 52583 255 732.39 1124 0 0 0 0 0 0 0 0 0 0 1542 0 0 0 0 0 0 0 0 0 0 0 0 0 0 4027 4027 0 0 0 0 
11002 53194 866 2600.12 0 0 0 0 0 0 0 0 0 0 0 445 0 0 0 0 0 0 3920 0 3920 0 186 0 3920 3920 0 0 0 0 0 0 
11002 53214 886 2678.67 0 707 0 0 0 0 0 0 0 0 0 0 0 0 0 0 0 0 0 0 0 0 0 0 0 0 0 971 0 0 0 0 
11003 53705 175 488.63 0 0 0 0 431 1592 0 3175 0 0 0 0 0 0 0 0 0 1932 0 0 0 684 0 0 0 0 0 0 0 0 0 0 
11003 53764 234 655.787 0 0 0 0 0 0 0 0 0 0 0 0 4081 0 0 0 0 0 0 0 0 0 3845 0 648 1364 0 0 0 0 0 0 
11003 54676 1146 3369.79 0 0 0 0 0 0 0 0 0 0 0 0 2788 0 0 0 0 0 1481 0 1316 0 1914 0 0 0 0 0 0 0 0 0 
11004 55170 414 1202.03 0 1168 0 0 0 0 0 912 0 0 0 0 0 0 0 3930 0 890 0 3946 0 0 0 0 0 0 0 0 0 0 0 215 
11004 55381 625 1824.04 0 0 0 0 0 0 699 0 0 0 0 0 351 689 3971 0 0 0 0 0 0 0 0 0 0 0 0 0 0 0 0 0 
11004 55594 838 2444.99 0 1092 0 0 0 0 0 0 0 1115 0 0 0 0 0 0 0 823 0 0 613 0 0 0 0 0 0 0 0 0 0 0 
11005 56499 525 1552.66 0 0 0 0 0 0 0 0 0 0 0 0 0 529 580 0 0 0 0 0 0 0 0 0 0 0 0 0 0 0 0 0 
11005 56577 603 1771.69 0 0 0 0 0 0 0 0 0 0 0 0 0 513 603 0 0 0 0 0 0 0 0 0 0 0 0 0 0 0 0 0 
11006 58354 1161 3516.51 0 0 0 0 0 668 0 0 0 0 0 475 0 0 0 0 0 1186 0 0 1023 0 0 0 0 113 0 0 0 0 0 0 
11007 58921 548 1670.39 0 0 0 0 0 0 0 0 0 0 0 0 0 0 0 0 0 0 0 0 2393 0 0 0 3675 3952 420 3273 0 0 0 0 
11007 59027 654 1937.34 0 0 0 0 0 0 1402 0 0 0 0 0 0 0 0 0 3085 0 827 0 1975 0 0 1914 0 0 0 0 0 0 0 0 
11007 59443 1070 3146.81 0 0 0 0 0 0 1239 0 0 0 0 0 0 3918 3717 0 0 0 0 0 0 0 0 0 0 0 0 0 0 0 0 0 
11011 61550 700 1948.84 0 0 0 0 0 0 0 0 0 0 0 0 0 529 695 0 0 0 0 0 0 0 0 0 0 0 0 0 0 0 0 0 
11011 61587 737 2050.41 1480 409 3978 242 0 0 0 0 0 1295 3978 0 0 0 0 0 0 0 0 0 0 0 0 0 2923 2787 0 119 0 0 0 0 
11011 61731 881 2442.1 0 0 0 0 1126 0 0 434 0 0 0 0 0 0 0 0 0 0 620 0 1113 0 0 0 0 0 0 0 0 0 0 0 
11013 62586 272 771.783 1069 0 0 0 0 0 574 0 0 0 0 0 0 0 0 0 0 0 0 0 0 0 0 0 0 0 0 0 0 0 0 0 
11014 63709 155 455.824 0 0 0 0 0 0 544 842 0 0 0 0 0 0 0 0 0 0 0 0 0 0 0 0 0 0 0 0 0 0 0 0 
11016 66228 174 523.222 0 0 0 0 0 0 0 0 0 0 0 0 0 0 0 518 0 0 0 508 0 0 0 0 0 0 0 0 0 0 0 0 
11016 66387 333 964.451 0 0 0 0 0 0 0 0 0 0 0 0 0 0 0 0 0 884 0 0 1670 0 0 0 0 0 3960 3960 0 0 0 0 
11016 66403 349 1000.01 0 0 0 0 0 0 0 0 0 0 0 0 0 0 0 0 0 1653 0 0 1362 0 0 0 0 0 0 0 3944 3682 0 0 
11016 66588 534 1558.59 0 0 0 0 0 0 0 0 0 0 0 0 0 0 0 606 0 0 0 0 0 0 0 0 0 0 0 0 0 0 502 0 
11016 66648 594 1725.22 0 0 0 0 0 0 875 0 0 0 0 0 0 0 0 3935 0 1272 0 3951 0 715 0 0 0 0 0 0 0 0 0 0 
11017 67939 615 1769.87 0 0 1524 3899 0 0 0 3899 0 0 0 0 0 0 0 0 0 0 0 0 0 0 0 0 0 0 0 0 0 0 3915 3915 
11017 68147 823 2442.21 0 0 0 0 0 0 0 0 0 0 0 0 0 0 0 0 0 0 0 0 0 0 0 0 821 1316 0 2751 0 0 0 0 
11018 69319 756 2236.52 0 0 0 0 0 0 0 0 0 0 0 0 0 511 565 0 0 0 0 0 0 0 0 0 0 0 0 0 0 0 0 0 
11018 69504 941 2777.21 0 0 0 1575 0 0 0 0 0 0 1774 0 0 0 0 0 0 0 0 0 0 0 0 0 0 0 1119 3859 0 0 0 0 
11018 69661 1098 3261.41 0 0 0 0 0 904 0 1198 0 0 0 0 0 245 0 0 0 0 767 0 0 553 0 0 0 0 0 0 0 0 0 0 
11046 69991 215 627.509 0 0 0 0 0 0 0 0 0 0 0 0 0 559 533 0 0 0 0 0 0 0 0 0 0 0 0 0 0 0 0 0 
11047 71501 477 1425.67 0 0 1307 0 0 0 0 211 3289 0 0 0 0 0 0 0 0 0 0 0 0 0 0 0 0 0 0 0 0 0 3191 2833 
11048 72268 35 93.6529 0 0 0 0 0 0 0 0 0 0 0 0 0 0 0 0 0 1068 0 0 586 0 0 0 0 0 1510 3879 0 0 0 0 
11049 73658 208 604.578 0 0 0 1661 0 0 0 0 1170 0 0 0 0 0 0 0 0 3788 0 0 0 1901 0 0 0 0 0 0 0 0 0 0 
11049 73678 228 668.976 0 0 0 0 0 587 0 0 0 0 0 0 0 0 0 0 0 0 0 0 0 0 0 0 0 0 0 0 0 0 0 512 
11049 73932 482 1439.52 0 0 0 1275 0 0 0 0 881 0 0 0 0 0 0 0 0 0 726 0 912 0 0 0 0 0 0 0 0 0 0 0 
11049 74010 560 1687.63 0 0 0 0 0 0 0 0 0 0 0 0 0 0 0 0 0 0 0 0 0 0 0 0 0 0 0 0 0 0 991 716 
11050 74918 243 736.906 0 0 1257 0 0 0 0 0 0 0 0 1619 0 0 0 0 0 0 0 0 0 0 0 0 0 0 3178 3990 0 0 0 0 
11050 75873 1198 3558.43 0 0 0 0 0 0 0 0 0 0 0 0 0 591 503 0 0 0 0 0 0 0 0 0 0 0 0 0 0 0 0 0 
11051 76074 177 524.418 0 0 1868 0 0 0 0 0 0 0 1621 0 0 0 0 0 0 0 0 0 0 0 0 0 0 0 3695 4090 0 0 0 0 
11052 77863 725 2208.06 2052 0 0 0 0 0 0 0 0 0 0 3018 0 0 0 0 0 1241 0 0 0 928 0 0 0 0 453 0 0 389 172 0 
11052 77864 726 2208.06 0 0 0 0 0 0 0 0 0 0 0 0 0 0 0 0 0 0 0 0 0 0 0 0 0 0 0 0 0 0 596 632 
11053 78858 504 1542.59 1898 259 0 0 0 0 0 0 0 0 0 3146 0 0 0 0 0 0 0 0 0 0 0 0 0 0 4070 4070 0 0 0 0 
11053 78991 637 1961.76 0 0 0 1304 0 0 0 0 0 1243 0 0 0 0 0 0 0 0 2310 0 3005 0 0 0 0 0 0 0 0 0 0 0 
11053 79228 874 2644.47 0 0 0 0 0 0 0 0 0 0 0 0 0 0 0 0 0 0 914 0 800 0 0 0 3952 438 0 0 0 0 0 0 
11055 81597 873 2540.36 0 0 0 0 1224 0 0 1751 0 0 0 0 0 0 292 0 4091 0 0 0 0 0 0 4091 0 0 0 0 0 0 0 0 
11056 82285 316 948.248 0 0 0 0 0 1621 0 0 0 0 1174 812 0 0 0 0 0 0 0 0 0 0 0 0 2208 246 0 0 0 0 0 0 
11056 82350 381 1142.96 0 0 0 1389 0 0 0 0 0 943 1276 0 0 0 0 0 0 1539 904 0 0 2412 0 0 0 0 0 0 0 0 0 0 
11056 82640 671 2050.03 790 0 0 0 0 0 0 1017 0 0 0 0 0 0 0 0 0 889 0 0 0 1219 0 0 0 0 0 0 0 0 0 0 
11060 86231 55 211.342 0 0 0 1266 0 0 0 772 0 0 0 0 0 0 0 0 2158 0 0 0 0 0 0 2109 0 0 0 0 0 0 0 0 
11060 86481 305 976.784 0 0 0 0 0 0 0 0 0 0 0 0 0 0 0 515 0 0 0 0 0 0 0 0 0 0 0 0 0 0 555 0 
11061 87400 41 109.702 0 0 0 0 0 0 0 0 0 0 0 0 0 0 0 0 0 0 0 0 0 0 0 0 0 0 668 1966 4059 4059 0 0 
11061 87591 232 673.826 0 0 0 0 0 0 0 0 0 0 0 0 0 0 0 0 0 0 0 0 0 0 0 0 0 0 0 0 0 0 669 762 
11062 89527 919 2795.94 0 0 0 0 0 0 682 0 0 0 0 0 0 0 0 866 0 0 0 1665 0 0 0 0 0 0 0 0 0 0 0 0 
11063 90069 268 743.975 0 0 0 0 1009 0 0 1128 0 0 0 0 0 0 0 0 0 0 1185 0 0 669 0 0 0 0 0 0 0 0 0 0 
11063 90173 372 1050.95 0 1083 0 0 0 0 0 923 0 0 0 0 0 0 0 4031 0 458 0 4047 0 0 0 0 0 0 0 0 0 0 0 0 
11064 91349 332 1019.6 0 0 0 776 0 0 0 0 0 0 0 876 0 0 0 0 0 0 0 0 0 0 0 0 0 0 0 0 0 0 0 0 
11064 91533 516 1549.19 0 0 0 0 0 0 0 0 0 3926 0 0 0 0 0 0 0 0 0 0 0 0 0 0 0 0 2519 2069 3942 3942 0 133 
11064 91576 559 1670.49 0 0 0 1484 0 0 0 0 0 2172 0 0 0 0 0 0 0 3899 0 0 3899 766 0 0 0 0 0 0 743 0 0 0 
11064 92006 989 2921.96 0 0 0 1328 0 0 0 0 0 0 1288 0 0 0 0 0 0 0 0 0 0 0 0 0 0 0 0 0 1610 1479 0 0 
11064 92108 1091 3233.37 0 0 512 0 0 0 0 0 0 506 0 0 0 0 0 0 0 0 0 0 0 0 0 0 0 0 0 0 0 0 0 0 
11065 92222 8 16.2831 0 0 0 0 0 0 0 0 0 0 0 0 0 1596 2259 0 888 0 0 0 0 0 0 0 0 0 0 0 0 0 0 0 
11065 92648 434 1281.17 0 0 0 0 0 0 0 0 0 0 0 0 0 642 551 0 0 0 0 0 0 0 0 0 0 0 0 0 0 0 0 0 
11065 93324 1110 3396.42 0 0 1169 0 0 0 0 0 0 387 1477 0 0 0 0 0 0 1175 0 0 1207 0 0 0 0 0 0 0 0 0 0 0 
11084 94871 296 859.712 0 1033 0 0 0 0 0 0 0 0 932 0 0 0 0 0 0 267 0 0 965 0 0 0 0 0 219 457 0 0 0 0 
11085 96477 724 2129.82 0 0 0 0 0 0 0 0 0 0 0 0 0 0 0 0 0 0 0 0 0 0 0 0 0 0 0 0 0 0 622 670 
11087 98173 26 82.3013 0 0 0 1785 253 0 0 0 0 1774 0 0 0 1893 1507 0 0 0 0 0 0 0 0 0 0 0 0 0 0 0 0 0 
11087 98650 503 1432.78 3987 889 0 0 0 0 0 0 0 0 0 3987 0 0 0 0 0 0 0 0 0 0 0 0 0 0 4003 4003 0 0 0 0 
11088 99499 139 417.235 0 0 0 0 1056 309 0 0 0 0 1358 0 2287 0 0 0 0 0 0 0 0 0 1650 0 0 0 0 0 0 0 0 0 
11088 99549 189 561.933 0 0 0 0 0 0 0 0 0 540 0 0 0 0 0 0 0 515 0 0 0 0 0 0 0 0 0 0 0 0 0 0 
11089 100787 144 477.477 0 1054 0 0 0 0 0 0 0 0 0 1226 0 0 0 0 0 0 0 0 0 0 0 0 0 0 2209 3870 0 0 0 0 
11091 102833 420 1282.76 1184 0 0 0 0 0 0 0 1107 0 0 0 0 0 0 3614 0 0 0 2626 0 0 0 0 0 0 0 0 0 0 0 0 
11091 102971 558 1692.83 0 0 0 0 2092 0 0 0 0 0 0 3934 0 0 0 0 0 0 0 0 0 0 0 0 3950 3950 0 0 0 0 0 0 
11092 104382 782 2414.34 0 0 0 0 0 0 0 0 0 0 0 0 1072 0 320 0 0 0 0 0 1710 0 4049 0 0 0 0 0 0 0 0 0 
11092 104674 1074 3224.29 0 0 0 0 0 0 1273 0 0 0 0 0 0 0 0 1493 0 0 0 201 0 0 0 0 0 0 0 0 0 0 0 0 
11093 105075 274 868.155 0 0 0 0 0 0 0 0 0 0 0 0 0 0 0 0 0 0 0 0 0 0 0 0 0 0 0 0 0 0 662 558 
11093 105142 341 1057.13 0 545 1610 3703 0 0 365 4022 767 0 0 0 0 0 0 0 0 0 0 0 0 1453 0 0 0 0 0 0 0 0 747 0 
11094 106239 271 812.876 3928 0 0 0 0 0 0 0 0 962 0 0 0 0 0 3928 0 0 0 255 0 0 0 0 0 0 0 0 346 0 3944 1677 
11094 106247 279 833.563 0 507 351 0 0 0 0 217 0 0 0 0 0 0 0 0 0 0 0 0 0 0 0 0 0 0 0 0 0 0 794 0 
11094 106495 527 1566.8 0 0 0 0 0 0 1315 0 0 0 0 0 0 0 0 0 3940 2181 0 0 0 618 0 3665 0 0 0 0 0 0 0 0 
11096 108875 433 1230.52 0 0 0 0 0 0 0 0 0 0 0 0 0 551 577 0 0 0 0 0 0 0 0 0 0 0 0 0 0 0 0 0 
11096 109194 752 2138.34 0 0 0 0 0 0 0 0 0 0 0 0 0 0 0 0 0 2074 0 0 2986 0 0 0 0 0 0 0 2281 1647 0 0 
11096 109388 946 2723.4 0 0 0 690 0 0 0 0 0 1955 0 0 1573 0 0 0 0 0 0 0 0 0 1661 0 0 0 0 0 0 0 0 0 
11096 109575 1133 3277.48 0 0 0 0 2541 0 0 0 0 0 0 1395 0 0 0 0 0 0 0 0 0 0 0 0 0 0 1398 489 1484 1775 0 0 
11097 110003 304 943.644 0 0 0 0 0 0 0 0 1160 0 0 0 0 0 0 3928 0 0 0 2758 0 0 0 0 0 0 0 0 0 0 0 225 
11097 110231 532 1604.24 0 0 0 0 790 0 0 1131 0 0 0 0 0 0 0 0 160 0 579 0 0 353 0 0 0 0 0 0 0 0 0 0 
11098 111554 599 1694.49 0 0 0 0 0 0 0 0 0 0 0 0 0 0 0 0 0 0 788 0 1210 0 1236 0 0 0 0 0 0 0 0 0 
11098 111620 665 1885.43 0 0 0 0 0 0 0 0 0 0 0 0 0 0 0 608 0 0 0 0 0 0 0 0 0 0 0 0 0 0 0 728 
11098 112016 1061 3080.45 0 0 0 0 0 0 0 0 0 0 0 0 3440 0 0 0 0 0 748 0 1278 0 3734 0 0 0 0 0 0 0 0 0 
11099 113007 808 2375.48 0 0 0 0 0 0 0 0 0 0 0 554 0 0 0 0 0 0 0 0 0 0 0 0 0 0 0 510 0 0 0 0 
11099 113283 1084 3186.76 0 0 0 0 0 900 0 0 0 0 782 0 0 0 0 0 0 0 980 0 940 0 0 0 0 0 0 0 0 0 0 0 
11101 115046 379 1090.91 0 0 0 548 0 0 0 0 0 0 0 0 0 0 0 0 0 0 0 0 0 0 0 0 0 0 0 0 0 0 594 0 
11102 116771 874 2639.99 0 0 0 0 0 0 0 0 0 0 0 0 0 0 0 532 0 0 0 0 0 0 0 0 0 0 0 0 0 0 895 0 
11103 117420 316 1021.46 0 0 0 0 0 849 0 0 0 1732 0 255 0 0 0 0 0 0 0 0 0 0 0 0 2688 0 0 0 0 0 0 0 
11103 117539 435 1371.21 0 0 0 1079 0 0 0 1147 0 0 0 0 0 0 0 0 0 0 798 0 0 1377 0 464 0 0 0 0 0 0 0 0 
11104 118487 232 662.375 3940 0 0 0 0 0 0 0 0 1503 223 0 0 0 0 0 0 0 0 0 0 0 0 0 0 0 0 0 0 0 0 0 
11104 118580 325 939.617 0 0 0 0 0 0 0 0 0 0 0 0 0 745 0 0 0 0 0 0 0 0 0 0 0 0 0 507 0 0 0 0 
11104 119369 1114 3304 0 0 0 0 0 0 0 0 0 0 0 0 0 3798 3865 0 0 0 882 0 0 738 0 0 0 0 0 0 0 0 0 0 
11107 122732 844 2571.03 0 0 0 0 0 0 0 0 0 0 0 0 0 0 0 0 2048 0 885 0 0 730 0 3376 0 0 0 0 0 0 0 0 
11108 123558 482 1381.4 0 1111 0 0 0 0 0 0 0 1421 0 0 0 0 0 0 0 3161 0 0 2238 0 0 0 0 0 0 0 0 0 0 0 
11108 124053 977 2962.29 0 0 1468 0 0 0 924 0 0 0 0 0 0 0 0 382 0 0 0 0 0 0 0 0 0 0 0 0 0 0 0 0 
11109 125073 769 2248.62 0 0 0 0 0 0 0 0 0 0 0 279 0 0 0 0 0 0 0 0 0 368 0 0 0 0 1524 3948 227 123 2311 2027 
11110 125612 97 252.044 0 0 0 0 0 0 0 0 0 0 0 0 0 0 0 3892 0 0 0 3908 0 0 0 0 0 0 0 0 0 0 0 0 
11110 125790 275 799.952 0 0 0 0 0 0 0 0 0 0 0 0 3966 0 0 0 0 176 1202 0 1355 0 3933 0 0 0 0 126 0 0 0 0 
11110 126599 1084 3154.58 1360 0 0 0 0 0 0 0 1497 0 0 0 0 0 0 0 0 0 0 0 0 0 0 0 0 0 1308 623 0 0 0 0 
11111 127863 1116 3246.84 0 0 0 0 0 0 0 0 0 0 0 0 0 0 0 613 0 0 0 801 0 0 0 0 0 0 0 0 0 0 0 0 
11112 128368 377 1153.27 0 0 0 0 0 0 0 0 0 0 0 480 1447 287 0 0 0 178 0 0 0 0 2367 0 1164 3915 452 1767 0 0 0 0 
11115 131308 420 1272.2 0 0 0 1993 0 0 0 0 3306 0 0 0 0 0 0 0 0 0 0 0 0 0 0 0 0 0 0 0 0 0 1961 1570 
11115 131431 543 1593.4 0 0 0 0 0 0 0 0 0 0 0 0 0 0 0 720 0 0 0 551 0 0 0 0 0 0 0 0 0 0 0 0 
11116 133078 966 2796.61 0 0 0 1001 0 0 0 0 0 0 0 1040 0 0 0 0 0 0 0 0 0 0 0 0 0 0 0 2648 0 0 0 0 
11117 134009 657 1987.68 0 0 0 0 0 0 0 0 0 0 0 0 0 0 0 0 0 0 0 0 0 0 0 0 0 0 0 0 1822 1080 0 0 
11118 134591 16 51.585 0 0 0 0 0 0 0 0 0 0 0 0 0 0 0 0 0 0 0 0 0 0 0 0 1100 0 0 3964 0 0 0 0 
11118 135021 446 1252.44 0 0 0 0 0 0 565 511 0 0 0 0 0 0 0 0 0 0 0 0 0 0 0 0 0 0 0 0 0 0 0 0 
11118 135425 850 2373.26 0 0 0 0 0 0 0 0 0 0 0 0 3578 0 0 0 0 0 1004 0 1120 0 3173 0 0 0 0 0 0 0 0 0 
11118 135747 1172 3311 0 0 0 0 0 0 1137 0 0 0 0 0 0 0 0 0 4068 2105 0 0 0 987 0 4068 0 0 0 0 0 0 0 0 
11119 135959 115 308.435 0 0 0 0 0 0 0 0 1104 0 0 0 0 0 0 0 2254 0 0 261 0 0 0 2371 0 0 0 0 0 0 0 0 
11119 136068 224 623.044 0 0 0 0 0 0 0 0 0 0 0 0 0 0 0 0 0 0 1806 0 988 0 0 0 3995 3995 0 0 0 0 0 0 
11119 136841 997 2925.49 0 1134 0 0 0 0 0 348 0 0 0 0 0 0 0 0 0 0 1040 0 767 0 0 0 0 0 0 0 0 0 0 0 
11119 137005 1161 3436.8 0 0 0 0 0 830 0 1181 0 0 0 0 0 0 0 0 0 0 867 0 0 1232 0 0 0 0 0 0 0 0 0 0 
11120 137355 294 836.265 0 0 0 0 0 0 0 0 0 0 0 0 0 619 293 0 0 0 0 0 0 591 0 0 0 0 0 0 0 0 0 0 
11120 138044 983 2891.13 0 0 0 0 1428 0 0 0 0 0 0 1353 2499 0 0 0 0 0 0 0 0 0 2545 0 0 0 0 0 0 0 0 0 
11121 138700 406 1212.72 0 0 0 0 809 0 0 0 0 1040 0 0 0 0 0 0 0 0 1190 0 853 0 0 0 0 0 0 0 0 0 0 0 
11121 138871 577 1705.96 1146 0 0 0 0 0 0 0 0 0 0 1983 0 0 0 1304 0 0 0 1780 0 0 0 0 0 0 0 0 0 0 0 0 
11121 139034 740 2215.58 0 0 0 0 0 0 0 0 591 0 0 0 0 0 0 0 0 0 0 0 0 0 0 0 0 0 0 0 0 0 0 786 
11121 139171 877 2595.23 0 0 0 0 0 0 0 0 571 552 0 0 0 0 0 0 0 0 0 0 0 0 0 0 0 0 0 0 0 0 0 0 
11122 140569 1047 3099.6 0 0 943 0 0 0 0 0 941 0 0 0 0 0 0 0 0 0 0 0 293 0 0 0 0 0 502 262 0 0 0 0 
11124 142634 690 2030.29 0 0 0 0 0 0 0 0 0 0 0 634 0 0 0 0 0 0 0 0 0 0 0 0 0 0 0 0 0 0 0 598 
11126 144525 154 449.057 0 0 0 0 0 0 0 0 0 0 0 0 0 0 0 746 0 0 0 775 0 0 0 0 0 0 0 0 0 0 0 0 
11126 145517 1146 3477.66 0 0 0 0 0 0 0 0 0 0 0 0 0 0 0 519 0 0 0 0 0 0 0 0 0 0 0 0 598 0 0 0 
11127 145647 86 252.252 0 0 573 0 0 0 574 0 0 0 0 0 0 0 0 0 0 0 0 0 0 0 0 0 0 0 0 0 0 0 0 0 
11128 147200 377 1149.83 0 0 0 0 0 0 0 0 0 0 0 0 0 0 0 0 0 0 0 0 0 0 0 0 0 0 0 0 0 0 1346 689 
11128 147854 1031 3145.37 0 0 0 0 0 0 0 0 615 0 0 0 0 0 0 0 0 0 0 0 0 0 0 0 0 0 0 0 0 0 649 0 
11129 148245 232 746.235 0 0 1078 0 0 0 0 1100 0 0 0 0 0 0 0 0 0 0 664 0 928 0 0 0 0 0 0 0 0 0 0 0 
11129 149129 1116 3330.74 0 0 0 0 0 0 0 0 0 0 0 1018 0 0 0 0 0 0 0 0 0 0 0 3162 0 0 0 0 0 0 0 0 
11130 149746 533 1582.45 0 1640 0 0 0 0 0 1103 314 0 0 0 0 0 0 3855 0 0 0 3871 0 0 0 0 0 0 0 0 0 0 0 0 
11131 150619 183 525.002 0 0 1688 0 0 0 0 0 0 1350 0 0 0 0 0 0 0 1228 0 0 875 0 0 0 0 0 0 0 0 0 0 0 
11131 150785 349 948.129 0 0 1575 0 0 0 0 0 1156 0 0 0 0 0 0 0 0 0 1724 0 2692 0 0 0 0 0 0 0 0 0 0 0 
11131 151158 722 2040.63 0 0 0 0 0 0 0 0 0 0 0 0 3945 0 0 0 0 0 1159 0 562 0 143 0 0 0 0 0 0 0 0 0 
11132 152363 694 2146.97 0 0 0 0 0 0 0 0 0 0 0 0 0 652 503 0 0 0 0 0 0 0 0 0 0 0 0 0 0 0 0 0 
11132 152398 729 2240.68 0 1221 0 0 0 0 0 0 1240 0 0 0 0 0 0 0 0 0 713 0 0 1076 0 0 0 0 0 0 0 0 0 0 
11133 153041 202 499.721 761 0 0 0 0 0 686 0 0 0 0 0 0 0 0 936 0 0 0 0 0 0 0 0 0 0 0 0 0 0 0 0 
11133 153109 270 716.939 0 0 691 0 0 0 0 0 0 0 0 1028 0 0 0 0 0 1552 0 0 974 0 0 0 0 0 0 0 0 0 0 0 
11133 153944 1105 3097.29 0 0 1226 0 0 0 0 1645 0 0 0 0 0 0 0 2516 0 0 0 2992 0 0 0 0 0 0 0 0 0 0 0 0 
11134 154913 796 2286.22 1305 0 0 0 0 1157 0 0 1082 1256 0 0 0 0 0 0 0 1579 1966 0 3969 0 0 0 0 0 0 0 0 0 0 0 
11134 155260 1143 3343.93 0 0 0 0 0 0 0 0 0 0 0 0 0 1389 2695 0 0 0 1012 0 0 670 0 0 0 0 0 0 0 0 0 0 
11135 155375 16 44.2481 0 0 0 0 0 0 0 0 0 0 0 0 0 0 0 3988 0 0 0 765 0 0 0 0 0 0 0 0 0 0 0 0 
11135 156348 989 2868.66 0 0 0 0 695 0 0 0 0 0 667 0 0 0 0 0 0 0 0 0 0 0 0 0 0 0 0 0 0 0 0 0 
11135 156496 1137 3301.9 0 0 1188 0 0 0 0 0 0 0 1032 0 0 0 0 0 0 0 0 0 0 0 0 0 0 0 3891 3725 0 0 0 0 
11136 156637 36 110.071 0 0 0 1710 0 0 0 0 0 0 1600 0 0 0 0 0 0 0 0 0 0 0 0 0 3779 0 0 3997 0 0 0 0 
11136 157033 432 1267.06 1229 0 0 0 0 0 0 0 0 0 0 954 0 0 0 0 0 0 0 0 0 0 0 0 0 0 3853 3853 0 0 0 0 
11136 157246 645 1876.85 0 0 0 0 0 0 0 0 0 0 0 0 0 0 669 0 0 0 0 0 0 0 0 0 0 0 0 0 0 0 891 0 
11137 157783 218 578.063 0 0 0 0 0 0 0 0 531 0 0 0 0 0 507 0 0 0 0 0 0 0 0 0 0 0 0 0 0 0 0 0 
11137 158446 881 2548.36 1074 0 0 0 0 0 0 0 0 0 2075 0 0 0 0 0 0 0 0 0 0 0 0 0 0 0 3943 3943 0 0 0 0 
11138 159617 821 2476.64 0 0 0 0 0 0 0 0 0 0 0 0 0 0 0 1978 0 0 1475 2333 1227 0 0 0 0 0 0 0 0 0 0 0 
11139 160521 531 1555.27 0 0 0 0 0 0 0 0 0 0 0 0 0 0 0 0 0 0 703 0 0 450 0 0 1016 3310 0 0 0 0 0 0 
11140 161449 224 739.528 0 952 0 0 0 0 0 0 0 0 0 0 0 0 0 0 0 715 0 0 798 0 0 0 0 0 0 0 0 0 0 0 
11141 162639 254 732.222 0 0 0 0 0 0 0 0 0 0 0 0 0 0 0 542 0 0 0 0 0 0 0 0 0 0 0 0 0 0 0 1032 
11141 163344 959 2812 0 0 0 0 0 0 0 0 0 0 0 0 0 0 0 0 0 0 574 0 234 0 0 0 4066 4066 0 0 0 0 0 0 
11146 168602 1236 3543.6 0 0 0 0 0 1187 0 0 981 0 0 0 0 0 0 0 0 0 720 0 0 985 0 0 0 0 0 0 0 0 0 0 
11147 169552 932 2724.53 0 615 0 0 0 0 0 1064 0 0 0 0 0 0 0 0 0 872 0 0 654 0 0 0 0 0 0 0 0 0 0 0 
11149 171167 41 99.0125 0 0 0 0 0 0 0 0 0 0 0 0 0 0 0 0 0 0 0 0 0 0 0 0 0 0 0 0 3914 1121 0 0 
11149 171755 629 1781.29 0 0 0 0 0 0 0 0 0 0 0 0 504 0 0 0 0 0 0 0 0 0 0 0 0 0 0 0 0 0 0 839 
11149 171925 799 2280.49 0 0 0 0 0 0 0 0 0 0 0 514 0 0 0 0 0 0 0 0 0 0 0 0 0 0 0 675 0 0 0 0 
11149 172156 1030 2991.09 0 1114 0 0 0 0 0 0 0 721 0 0 0 0 0 0 0 1151 0 0 0 921 0 0 0 0 0 0 0 0 0 0 
11150 172667 293 832.657 0 0 0 0 0 0 0 0 0 0 0 0 0 0 0 504 0 0 0 0 0 0 0 0 0 0 0 0 0 0 0 606 
11150 173022 648 1893.88 0 0 0 0 0 0 0 0 0 0 0 0 0 0 0 587 0 0 0 0 0 0 0 0 0 0 0 919 0 0 0 0 
11150 173162 788 2305.7 0 0 0 0 0 0 0 0 516 554 0 0 0 0 0 0 0 0 0 0 0 0 0 0 0 0 0 0 0 0 0 0 
11151 174668 1065 3014.3 0 0 0 0 0 0 0 0 0 0 0 0 553 0 0 0 0 0 0 0 0 0 140 0 0 0 0 0 0 0 0 690 
11153 176967 869 2423.57 0 0 1918 0 0 0 0 0 3981 0 0 0 0 0 0 0 988 0 0 1383 0 0 0 0 0 0 0 0 0 0 0 0 
11154 177976 625 1931.11 0 0 0 0 0 0 0 0 0 0 0 0 0 0 0 940 0 0 0 0 0 0 0 0 0 0 0 0 0 0 796 0 
11156 180307 522 1556.77 0 0 0 0 0 0 0 0 0 0 0 0 0 0 0 0 0 0 0 0 0 0 0 0 0 0 0 0 0 0 626 720 
11156 180381 596 1795.38 0 0 0 1872 0 0 0 0 0 0 0 0 0 3038 1224 0 0 0 0 0 0 0 1091 0 0 0 0 0 0 0 0 0 
11159 183704 270 786.515 0 0 0 0 0 0 0 0 0 0 0 0 0 0 0 720 0 0 0 1103 0 0 0 0 0 0 0 0 0 0 0 0 
11161 186706 914 2584.97 0 0 0 0 0 0 0 0 0 0 0 0 672 0 0 0 0 0 0 0 0 0 0 0 0 0 0 0 0 0 0 541 
11162 187465 427 1303.47 0 0 0 0 0 0 0 0 0 0 0 0 0 0 0 0 0 3687 0 0 3787 0 0 0 0 0 4051 4051 700 1477 0 0 
11163 188358 169 538.058 0 2680 0 0 0 0 0 0 0 1060 0 0 0 0 0 0 0 1147 0 0 1078 600 0 0 0 0 0 0 0 0 0 0 
11163 189157 968 2940.85 0 0 0 0 0 0 0 0 0 0 0 0 0 245 653 0 0 0 0 0 0 0 0 0 0 0 0 0 0 0 0 584 
11163 189290 1101 3361.52 0 0 1240 0 0 0 0 0 0 948 0 0 0 0 0 0 0 843 0 0 881 0 0 0 0 0 0 0 0 0 0 0 
11164 190311 936 2669.1 0 0 0 1203 0 0 0 0 0 1081 0 0 0 0 0 0 0 0 1054 0 0 581 0 0 0 0 0 0 0 0 0 0 
11166 192523 681 1998.24 0 0 612 0 0 0 0 0 0 0 0 0 0 0 0 518 0 0 0 0 0 0 0 0 0 0 0 0 0 0 0 0 
11166 192797 955 2736 0 0 1282 0 0 0 0 0 0 0 2010 0 0 0 0 0 0 1255 0 0 986 0 0 0 0 0 0 0 0 0 0 0 
11167 193127 32 103.05 3077 0 0 0 0 0 0 1148 0 0 0 0 0 0 0 0 0 3124 0 0 0 1904 0 0 0 0 0 0 0 0 0 0 
11167 193571 476 1467.55 0 0 0 0 0 1843 0 0 0 0 0 1193 0 0 0 0 0 0 0 0 0 0 0 0 3610 0 0 0 0 0 0 0 
11168 194138 267 714.204 0 1155 0 0 0 0 0 0 0 0 1254 0 0 0 0 0 0 0 0 0 0 0 0 0 0 0 3904 3904 0 0 0 0 
11169 196271 1150 3302.89 0 0 0 0 0 0 0 0 0 0 0 0 0 0 0 0 0 0 0 0 0 0 0 0 0 0 0 0 0 0 544 838 
11171 198001 409 1193.12 0 0 0 0 0 0 0 0 0 0 0 594 0 0 0 0 0 0 0 0 0 0 0 0 0 0 0 772 0 0 0 0 
11171 198226 634 1804.38 518 0 0 0 0 0 0 0 0 0 0 0 0 0 0 0 0 0 0 0 0 0 0 0 0 0 0 0 0 0 506 0 
11171 198710 1118 3181.94 0 0 0 0 0 0 0 0 0 0 0 0 311 0 0 0 0 0 0 0 0 0 0 0 1082 1607 0 0 0 0 0 0 
11172 198901 66 207.18 0 0 0 0 0 0 0 0 0 0 0 0 664 0 0 0 0 0 0 0 0 0 0 0 0 0 0 0 0 0 0 513 
11172 199675 840 2484.28 0 0 1143 0 0 0 0 0 0 0 1013 0 0 0 0 0 0 0 0 0 0 0 0 0 2274 0 0 559 0 0 0 0 
11174 201640 378 1098.42 0 0 0 0 0 0 0 0 0 0 608 0 0 0 0 0 0 0 0 0 0 0 0 0 0 0 0 0 0 0 0 515 
11174 201706 444 1291.21 0 0 0 0 0 0 0 0 0 0 0 0 0 2583 4095 0 0 0 1462 0 0 1556 0 0 0 0 0 0 0 0 0 0 
11175 202925 473 1366.57 0 0 0 0 0 0 0 0 0 0 0 0 0 0 0 0 0 1190 0 0 1141 0 0 0 0 0 0 0 3894 1607 0 606 
11175 203549 1097 3217.99 0 0 0 0 0 855 309 0 0 0 0 0 0 0 3219 0 0 0 0 0 0 0 0 0 0 0 0 0 0 0 0 0 
11176 204167 480 1503.29 0 0 0 0 0 0 0 0 0 0 0 0 0 545 1310 0 0 0 0 0 0 0 0 0 0 0 0 0 0 0 0 0 
11176 204199 512 1597.82 0 0 0 0 0 0 0 0 0 0 0 0 0 0 0 0 0 3877 0 903 0 3877 0 0 0 0 0 0 0 0 2590 2871 
11177 205441 564 1696.89 0 0 0 0 0 0 0 0 0 0 0 0 0 0 0 0 1367 0 3889 0 3147 3889 0 998 0 0 0 0 0 0 0 0 
11177 205714 837 2564.23 0 0 1191 0 0 0 0 0 0 0 0 1263 0 0 0 0 0 0 1049 0 1023 0 0 0 0 0 0 0 0 0 0 0 
11178 207181 1090 3157.89 0 0 0 0 0 0 0 0 0 0 1302 0 0 0 0 0 0 0 0 0 0 0 0 0 1753 3905 0 0 0 0 0 0 
11178 207273 1182 3447.33 0 0 0 0 914 0 0 0 0 0 1389 0 0 0 0 0 0 0 651 0 0 700 0 0 0 0 0 0 0 0 0 0 
11179 207901 578 1665.53 0 0 0 0 0 0 0 913 0 0 0 0 0 0 0 0 0 0 0 0 0 0 0 0 0 0 0 0 3941 0 0 0 
11180 208788 256 772.423 0 0 0 0 0 0 0 0 0 0 0 0 623 0 0 0 0 0 0 0 0 0 501 0 0 0 0 0 0 0 0 0 
11180 209538 1006 2914.12 1638 0 0 0 0 0 867 0 0 0 0 0 0 0 0 1256 0 2385 0 3563 0 860 0 0 0 0 0 0 0 0 0 0 
11181 210078 301 938.928 0 0 0 0 2043 4006 0 0 323 0 4006 416 0 0 0 0 0 0 2835 0 952 0 0 0 0 0 0 0 0 0 0 0 
11181 210089 312 969.293 0 0 0 0 0 795 839 0 0 0 0 0 0 0 0 0 0 0 0 0 0 0 0 0 0 0 0 0 0 0 0 0 
11181 210263 486 1469.44 0 0 0 0 0 0 0 0 0 0 0 0 0 0 0 808 0 0 0 601 0 0 0 0 0 0 0 0 0 0 0 0 
11181 210856 1079 3248.8 956 0 0 0 0 0 0 0 0 0 1249 0 0 0 0 0 0 1002 0 0 1753 0 0 0 0 0 0 0 0 0 0 0 
11182 211322 337 1010.03 951 0 0 0 0 0 0 0 0 0 668 0 0 0 0 0 0 0 0 0 0 0 0 0 0 0 0 0 4032 4032 0 0 
11182 212160 1175 3430.08 0 0 0 0 0 0 0 0 0 0 0 0 0 0 663 0 0 0 0 0 0 0 0 0 0 0 0 620 0 0 0 0 
11183 213130 900 2668.55 0 0 0 0 0 0 0 0 0 0 0 0 0 0 0 0 0 1177 0 0 0 0 0 0 0 0 0 0 0 0 0 3189 
11184 213945 491 1448.8 0 0 0 0 2282 0 0 0 0 1367 0 0 0 0 0 0 0 0 0 0 0 0 0 0 1795 2159 0 0 0 0 0 0 
11187 217168 12 39.7567 0 0 0 0 0 734 0 0 0 0 0 1286 0 0 0 0 0 0 0 0 0 0 0 0 2967 3957 0 0 0 0 0 0 
11187 217743 587 1692.79 0 0 0 0 0 689 0 0 0 0 0 1677 0 0 0 0 0 0 0 0 0 0 0 0 0 0 0 0 0 0 0 0 
11188 218680 278 829.585 0 0 0 0 0 0 0 0 0 0 0 0 0 0 0 0 0 2510 0 0 0 1704 0 0 0 0 0 0 0 0 2220 2840 
11188 219376 974 2812.1 0 0 0 0 0 0 0 0 0 0 0 0 504 0 0 0 0 0 0 0 0 0 523 0 0 0 0 0 0 0 0 0 
11189 220234 588 1709.87 0 0 0 0 0 0 0 0 0 0 0 0 3888 0 0 0 0 0 0 0 0 0 3904 0 3702 365 0 0 0 0 0 0 
11191 222322 195 509.948 0 0 0 0 0 0 0 0 0 0 0 541 0 0 0 0 0 0 0 0 0 0 0 0 0 0 0 0 0 0 736 0 
11191 223226 1099 3073.89 0 0 0 0 0 0 0 0 0 0 0 0 0 2849 2572 0 0 0 568 0 0 811 0 0 0 0 0 0 0 0 0 0 
11192 224166 782 2354.08 0 0 0 0 0 0 0 0 0 0 0 0 0 0 0 526 0 0 0 651 0 0 0 0 0 0 0 0 0 0 0 0 
11192 224187 803 2414.36 0 0 0 0 0 0 0 0 0 0 0 0 0 3955 3955 0 3971 0 0 0 0 0 0 3971 0 0 0 0 0 0 0 0 
11192 224418 1034 3053.48 0 0 0 0 0 0 0 0 0 0 0 0 0 802 542 0 0 0 0 0 0 0 0 0 0 0 0 0 0 0 0 0 
11193 224813 207 608.328 0 0 945 0 0 0 0 0 0 0 0 2856 0 0 0 0 0 0 2714 0 2330 0 0 0 0 0 0 0 0 0 0 0 
11193 225453 847 2516.7 0 0 0 0 0 0 0 0 742 0 0 0 0 0 0 0 0 0 0 0 0 0 0 0 0 0 0 655 0 0 0 0 
11194 226537 689 2000.64 0 0 0 0 0 0 0 0 0 0 0 0 0 0 0 534 0 0 0 0 0 0 0 0 0 0 0 0 0 0 1149 0 
11194 226996 1148 3308.32 0 0 0 0 0 1140 0 0 1171 0 0 0 0 0 0 0 0 0 947 0 0 1056 0 0 0 0 0 0 0 0 0 0 
11196 228163 919 2803.39 0 1285 0 0 0 0 0 0 0 0 0 0 0 0 0 0 0 0 0 0 0 0 0 0 0 0 2663 4003 0 0 0 0 
11197 228891 428 1220.85 0 0 0 775 0 0 836 0 0 0 0 0 0 0 0 0 0 0 0 0 0 0 0 0 0 0 0 0 0 0 0 0 
11199 231531 581 1688.43 0 0 0 2192 0 0 0 0 2009 0 0 0 0 0 0 0 0 1164 0 1635 0 611 0 0 0 0 0 0 0 0 0 0 
11403 232469 274 751.783 0 0 0 0 0 0 0 0 0 0 0 0 0 0 0 0 0 0 1452 0 1786 0 0 0 3930 2323 0 0 0 0 0 0 
11404 233666 115 301.903 0 0 0 0 0 0 0 0 0 0 0 0 0 0 0 0 3506 0 2808 0 0 1029 0 2607 0 0 0 0 0 0 0 0 
11404 234884 1333 3574.82 0 0 523 0 0 0 0 0 0 0 0 0 0 0 522 0 0 0 0 0 0 0 0 0 0 0 0 0 0 0 0 0 
11406 235745 266 628.214 0 0 0 0 0 0 0 0 0 0 0 0 0 0 703 0 0 0 0 0 0 0 0 0 0 0 0 603 0 0 0 0 
11406 235757 278 668.798 0 0 0 936 0 0 0 0 0 0 0 2751 0 0 0 0 0 0 785 0 1051 0 0 0 0 0 0 0 0 0 0 0 
11406 236272 793 2046.67 0 0 624 0 0 0 0 0 0 0 0 0 0 0 0 0 0 598 0 0 0 0 0 0 0 0 0 0 0 0 0 0 
11407 237671 835 2248.19 0 0 0 0 0 0 0 0 0 0 0 0 0 0 632 0 0 0 0 0 0 0 0 0 0 0 0 126 0 549 0 0 
11407 237842 1006 2754.91 0 0 0 1456 0 0 0 878 0 0 0 0 0 0 0 0 3846 0 0 0 0 0 0 3846 0 0 0 0 0 0 0 0 
11407 237948 1112 3050.2 0 0 0 0 0 1181 0 1173 0 0 0 0 0 3994 3994 0 0 0 0 0 0 0 0 0 0 0 0 0 0 0 0 0 
11414 238600 433 1112.37 0 895 0 0 0 0 0 0 0 0 1065 0 0 0 0 0 0 2322 0 0 1136 0 0 0 0 0 0 0 0 0 0 0 
11414 239210 1043 2742.42 0 0 0 0 0 0 0 0 0 0 0 0 773 0 0 0 0 0 0 0 0 0 527 0 0 0 0 0 0 0 0 0 
11415 240319 782 2088.94 0 0 0 0 0 0 0 0 0 0 0 0 0 0 947 0 0 0 0 0 0 0 549 0 0 0 0 0 0 0 0 0 
11415 240344 807 2153.34 0 0 0 0 0 0 718 0 0 0 0 0 0 0 0 4032 0 2859 0 4031 0 1996 0 0 0 0 0 0 0 0 0 0 
11415 240666 1129 3061.56 0 0 0 0 0 0 0 0 0 0 0 0 0 570 0 0 0 758 0 0 0 0 0 0 0 0 0 0 0 0 0 0 
11415 240815 1278 3489.72 0 0 0 0 0 0 0 0 0 0 0 0 0 0 0 704 0 0 0 0 0 0 0 0 0 0 0 0 0 0 1090 0 
11416 241055 196 527.481 0 0 0 0 633 0 0 1259 0 0 0 0 0 1562 2603 0 0 0 0 0 0 0 0 0 227 0 0 0 0 0 0 0 
11416 241598 739 2004.51 0 0 638 0 0 0 0 0 0 0 0 0 0 0 0 0 0 0 0 0 0 0 0 0 0 0 0 915 0 0 0 0 
11419 242333 156 435.507 0 0 1181 0 0 0 0 0 0 0 231 2772 0 0 0 0 0 1489 0 0 0 1244 0 0 0 0 0 0 0 0 0 0 
11419 242620 443 1186.97 0 0 0 0 0 0 0 0 0 0 0 0 0 0 897 0 0 0 0 0 0 0 0 0 0 0 0 0 0 0 0 680 
11419 242881 704 1888.7 1186 0 0 0 0 0 0 0 0 1837 0 0 0 0 0 0 0 2369 0 0 1830 0 0 0 0 0 0 0 1216 0 0 0 
11419 242953 776 2112.55 1106 0 0 0 0 0 0 1407 0 0 0 0 0 0 0 4024 0 0 0 4023 0 0 0 0 0 0 0 0 0 0 0 0 
11419 243009 832 2265.34 0 0 0 0 0 0 0 0 0 0 0 0 0 0 0 613 0 0 0 523 0 0 0 0 0 0 0 0 0 0 0 0 
11420 244455 940 2579.24 0 0 0 0 0 0 0 0 0 0 0 0 538 0 0 0 0 505 0 0 0 0 0 0 0 0 0 0 0 0 0 0 
11420 244627 1112 3078.68 0 0 0 2006 0 0 0 0 977 0 0 0 401 3861 3861 0 0 0 0 0 0 0 3860 0 0 0 0 0 0 0 0 0 
11421 245311 505 1366.81 0 0 1075 0 0 0 0 0 0 0 0 1576 0 0 0 0 0 0 0 0 0 0 0 0 0 0 2148 3931 0 0 0 0 
11421 245367 561 1509.7 0 0 0 0 0 0 0 0 0 0 0 0 554 0 0 0 0 0 0 0 0 0 644 0 0 0 0 0 0 0 0 0 
11424 249291 481 1334.18 0 0 0 0 0 0 0 0 0 0 0 0 0 0 0 0 0 0 807 0 967 0 0 0 2184 0 0 3982 0 0 0 0 
11424 250071 1261 3440.71 0 0 0 0 0 0 0 0 0 0 0 0 0 0 0 836 0 0 0 533 0 0 0 0 0 0 0 0 0 0 0 0 
11425 250283 143 412.556 0 0 0 1374 0 0 0 0 0 0 0 0 0 0 0 0 0 606 0 465 0 766 0 0 0 0 0 0 0 0 0 0 
11425 251417 1277 3572.17 0 0 900 0 0 0 0 0 0 0 1672 251 0 0 0 0 0 0 0 0 0 0 0 0 2001 2417 0 0 0 0 0 0 
11428 251784 357 986.899 0 0 0 0 0 0 0 0 0 1138 0 0 0 0 0 0 0 0 1062 0 783 0 0 0 0 0 0 0 0 0 0 0 
11428 252195 768 2115.47 2138 0 0 0 0 0 0 0 1664 0 0 0 0 0 0 0 0 1265 0 0 0 1347 0 0 0 0 0 0 0 0 0 0 
11428 252257 830 2289.63 0 0 0 0 0 0 0 0 0 0 0 0 0 535 511 0 0 0 0 0 0 0 0 0 0 0 0 0 0 0 0 0 
11428 252371 944 2576.99 0 0 0 0 1691 0 0 0 0 1217 0 0 0 0 0 0 0 0 713 0 525 0 0 0 0 0 0 0 0 0 0 0 
11429 253104 343 932.516 902 0 0 0 0 0 0 0 0 689 0 0 0 0 0 0 0 0 0 0 0 0 0 0 0 0 0 0 2011 0 0 2716 
11429 253210 449 1194.81 0 0 0 1452 0 0 0 0 0 1319 0 0 0 0 0 0 0 0 0 0 0 0 0 0 1436 2331 0 148 0 0 0 0 
11430 254499 432 1151.76 0 0 0 0 0 0 0 0 0 0 0 0 0 0 606 0 0 506 0 0 0 0 0 0 0 0 0 0 0 0 0 0 
11430 254558 491 1306.32 0 0 1309 0 0 0 0 0 1016 0 0 0 0 0 0 0 0 1986 0 0 0 1467 0 0 0 0 0 0 0 0 0 0 
11431 255846 466 1279.99 0 0 0 0 0 514 0 0 0 0 0 0 0 0 0 0 0 0 0 0 0 0 0 0 0 0 0 564 0 0 0 0 
11436 258720 688 2000.55 0 0 0 0 0 1004 0 0 0 0 0 1122 0 0 0 0 0 0 712 0 1484 0 0 0 1411 0 0 0 0 0 0 0 
11438 260823 220 639.828 0 0 0 0 0 0 0 0 0 0 0 0 0 0 0 704 0 0 0 821 0 0 0 0 0 0 0 0 0 0 0 0 
11438 260972 369 1063.03 0 0 0 555 0 0 0 0 0 0 0 0 0 0 0 0 0 0 0 0 0 0 0 0 0 0 0 627 0 0 0 0 
11438 261724 1121 3130.22 0 0 0 0 0 0 0 0 0 0 0 0 0 0 0 197 2393 0 0 135 0 0 0 3915 0 0 0 0 0 0 0 0 
11439 262227 332 954.507 0 0 0 0 0 0 0 0 0 0 0 0 0 0 0 0 0 0 0 0 365 0 0 0 0 0 3915 212 3915 3915 0 0 
11439 262709 814 2257.48 1081 0 0 0 0 0 0 2640 0 0 0 0 0 0 0 1760 0 0 0 2127 0 0 0 0 0 0 0 0 0 0 0 0 
11439 263165 1270 3555.01 0 0 2670 0 0 0 0 742 2725 0 0 0 0 0 0 0 0 0 0 0 181 0 0 0 0 0 0 0 0 0 3985 2624 
11440 263883 706 1952.42 0 0 0 0 0 0 0 0 0 0 0 0 0 1312 981 0 0 0 1036 0 0 1682 0 0 0 0 0 0 0 0 0 0 
11440 264042 865 2409.03 0 0 0 0 0 0 0 0 0 0 0 0 0 0 0 0 0 0 0 0 0 0 0 0 0 0 0 0 0 0 506 797 
11441 265466 1008 2867.31 0 0 0 0 742 0 0 0 0 0 2474 0 0 0 0 0 0 0 1096 0 0 814 0 0 0 0 0 0 0 0 0 0 
11442 265812 76 212.542 0 0 0 0 0 0 0 0 0 0 0 0 0 0 0 0 0 0 0 613 0 0 0 0 0 0 0 573 0 0 0 0 
11442 265922 186 521.755 0 0 0 0 0 0 0 0 0 0 0 0 569 0 0 0 0 0 0 0 0 0 513 0 0 0 0 0 0 0 0 0 
11442 266069 333 924.106 0 0 0 0 0 0 0 0 0 0 0 0 0 0 0 0 0 3850 0 0 815 0 0 0 0 0 0 0 1516 1515 0 0 
11442 266689 953 2507.56 0 1658 0 0 0 0 0 0 0 1010 0 0 0 0 0 0 0 968 0 0 839 0 0 0 0 0 0 0 0 0 0 0 
11443 267263 205 577.722 0 0 0 0 0 0 845 0 0 0 0 0 0 0 0 0 0 0 0 1038 0 0 0 0 0 0 0 0 0 0 0 0 
11443 267459 401 1131.09 0 0 0 2030 0 0 0 0 0 1238 0 0 1934 0 0 0 0 0 0 0 0 0 1530 0 0 0 0 0 0 0 0 0 
11443 267524 466 1315.64 0 0 0 0 2062 0 0 0 0 1129 0 0 0 0 0 0 0 2143 0 0 794 0 0 0 0 0 0 0 0 0 0 0 
11446 268367 28 72.125 0 0 0 0 0 0 0 0 0 0 0 0 0 0 0 0 0 0 0 0 0 0 0 0 0 0 0 0 0 128 558 531 
11450 274457 1181 3297.96 0 0 0 0 0 0 0 0 0 0 0 0 519 0 0 0 0 0 0 0 0 0 522 0 0 0 0 0 0 0 0 0 
11455 274921 359 926.227 0 1307 0 0 0 0 0 0 0 911 0 0 0 0 0 0 0 2099 0 0 0 0 0 0 0 0 0 0 0 0 0 0 
11456 276480 646 1790.9 0 0 0 0 1512 0 0 0 0 0 1283 0 0 0 0 0 0 0 0 0 0 0 0 0 2672 2190 0 0 0 0 0 0 
11457 278045 919 2473.36 0 0 0 0 0 0 0 0 0 0 0 0 0 3797 3981 0 0 0 1295 0 1358 0 0 0 0 0 0 0 0 0 0 0 
11467 279339 127 668.242 0 0 0 0 0 0 0 0 0 0 0 0 0 533 505 0 0 0 0 0 0 0 0 0 0 0 0 0 0 0 0 0 
11467 279347 135 708.732 0 0 0 0 0 0 0 0 0 0 0 0 0 0 0 541 0 0 0 518 0 0 0 0 0 0 0 0 0 0 0 0 
11468 280128 132 612.57 0 0 0 0 0 2918 0 0 0 0 0 0 0 0 0 0 0 525 0 0 2832 0 0 0 0 0 0 0 0 0 0 0 
11468 280148 152 714.779 0 0 514 0 0 0 0 0 0 0 0 0 0 0 0 0 0 644 0 0 0 0 0 0 0 0 0 0 0 0 0 0 
11468 280337 341 1629.82 0 0 0 0 0 0 0 0 0 0 0 0 729 0 0 0 0 0 0 0 0 0 503 0 0 0 0 0 0 0 0 0 
11468 280467 471 2166.71 0 0 0 0 0 0 0 0 0 0 0 0 0 0 0 0 0 1157 0 0 0 0 0 0 0 0 0 0 3327 3635 0 0 
11468 280495 499 2296.97 0 0 0 0 0 0 0 0 0 0 0 0 0 0 0 0 0 191 738 0 641 0 148 0 0 0 0 0 0 0 0 0 
11469 280832 43 173.39 0 0 0 1830 0 0 0 0 0 0 0 3951 0 0 0 0 0 0 0 0 0 0 0 0 0 0 0 0 1520 1443 0 0 
11469 281262 473 2063.17 0 0 1213 0 0 0 0 0 0 0 0 1525 0 0 0 0 0 0 0 0 0 0 0 0 0 0 0 0 0 0 0 0 
11471 282517 156 677.375 0 0 0 0 0 0 0 0 0 0 0 0 0 0 0 0 4028 2251 0 4028 0 3527 0 2599 0 0 0 0 0 0 0 0 
11471 282644 283 1302.04 0 0 0 0 778 0 0 0 0 0 1054 0 0 0 0 0 0 0 0 0 0 0 0 0 1282 1903 0 0 0 0 0 0 
11471 282659 298 1363.55 0 0 0 0 0 0 0 0 0 0 0 0 0 0 0 0 0 0 0 0 0 0 0 0 0 0 0 0 0 0 592 532 
11471 282875 514 2342.6 0 0 642 3923 1640 0 0 0 0 2023 3923 3432 0 0 0 0 0 0 0 0 0 0 0 0 2346 3321 0 0 0 0 0 0 
11472 283429 278 1283.43 0 0 0 0 0 0 0 0 0 0 0 0 0 0 0 0 0 856 0 0 586 0 0 0 0 0 2161 3362 0 0 0 0 
11472 283557 406 1866.73 0 0 0 0 899 0 0 0 0 0 1217 0 2319 242 0 0 0 0 3996 0 3996 340 0 0 0 0 0 0 0 0 0 0 
11473 284201 304 1459.73 0 0 1142 0 0 0 0 0 0 0 0 1233 0 0 0 0 0 0 0 0 0 0 0 0 0 0 0 2723 0 0 0 0 
11475 285452 1 3.89163 0 0 547 0 0 0 0 0 0 521 0 0 0 0 0 0 0 0 0 0 0 0 0 0 0 0 0 0 0 0 0 0 
11479 287107 141 618.629 0 0 0 0 0 0 0 0 0 0 0 0 0 0 0 0 0 1058 0 0 776 0 0 0 0 0 0 0 0 0 3934 3934 
11480 288039 289 1323.76 3648 0 0 0 0 0 0 0 3921 0 0 0 0 0 0 0 0 0 0 0 0 0 0 0 0 0 0 0 0 0 3396 3395 
11480 288134 384 1763.9 0 0 0 0 0 1144 0 0 0 1392 0 0 0 0 0 0 0 0 854 0 2909 0 0 0 0 0 0 0 0 0 0 0 
11481 289145 609 2902.82 0 0 0 0 0 0 0 0 0 0 0 0 0 574 0 0 0 0 0 0 0 0 0 0 0 0 0 0 0 0 564 0 
11482 290115 793 3405.63 778 0 0 0 0 0 0 0 0 1028 0 0 0 0 0 0 0 1237 0 0 1024 0 0 0 0 0 0 0 0 0 0 0 
