10238 119 36 96.6962 0 0 0 0 0 0 0 0 0 0 1502 0 0 0 0 0 0 0 0 0 0 0 0 0 0 0 0 4012 0 0 0 
10239 1959 624 1772.26 0 0 0 0 0 0 0 0 0 0 0 0 0 0 0 0 0 0 0 0 0 0 0 0 0 0 0 3936 2596 2002 0 
10261 2889 714 2041.95 0 2030 0 0 0 0 0 0 998 0 0 0 0 0 0 0 0 0 0 0 0 0 0 0 0 0 0 0 0 0 1890 
10262 3503 105 335.302 0 0 0 0 0 0 0 0 0 0 0 0 585 0 0 0 0 0 0 0 0 0 582 0 0 0 0 0 0 0 0 
10262 4345 947 2728.96 0 0 0 0 0 0 0 0 0 0 0 0 517 0 0 0 0 0 0 0 0 0 0 0 0 0 0 0 0 0 0 
10264 6662 728 2083.96 0 0 0 0 0 0 0 0 0 0 0 0 0 0 0 526 0 0 0 572 0 0 0 0 0 0 0 0 0 0 0 
10265 7302 94 260.04 0 0 0 0 0 0 0 0 625 0 0 0 0 0 0 0 0 0 0 0 0 0 0 0 0 0 0 917 0 0 0 
10265 7607 399 1097.37 0 0 0 0 0 0 566 0 0 0 0 0 0 0 0 0 0 0 0 0 0 0 0 0 0 0 0 0 0 513 0 
10266 9578 1097 3298.71 0 0 0 0 0 0 0 0 0 0 0 0 0 0 0 0 0 2401 0 0 1693 0 0 0 0 0 0 1367 0 0 0 
10267 10484 805 2448.32 0 0 0 0 0 0 0 0 0 0 0 0 0 0 0 0 0 0 0 0 0 0 0 0 0 0 0 0 0 0 561 
10270 13670 415 1276.2 0 0 0 0 0 0 577 0 0 0 0 0 0 0 0 0 0 0 0 0 0 0 501 0 0 0 0 0 0 0 0 
10271 14879 377 1057.56 0 0 0 0 0 0 0 0 0 0 0 0 0 0 0 746 0 0 0 593 0 0 0 0 0 0 0 0 0 0 0 
10273 17531 477 1334.57 0 0 0 0 0 1164 0 1287 0 0 0 0 0 1010 0 0 0 0 0 0 0 0 0 3238 0 0 0 0 0 0 0 
10273 17638 584 1647.52 0 0 801 0 0 0 0 0 0 0 0 0 0 0 0 0 0 0 0 0 0 0 0 0 0 0 0 0 0 0 0 
10273 17876 822 2400.28 0 0 0 0 0 0 0 0 0 0 0 0 0 0 0 982 0 1665 0 1505 0 1205 0 0 0 0 0 0 0 0 0 
10274 18931 653 1947.12 0 0 0 0 0 0 0 0 0 0 0 0 0 0 0 592 0 0 0 543 0 0 0 0 0 0 0 0 0 0 0 
10276 20118 259 744.186 1904 0 0 0 0 0 0 0 1117 0 0 0 0 0 0 3602 0 0 0 1528 0 0 0 0 0 0 0 0 0 316 3978 
10276 20427 568 1583.71 0 0 0 0 0 0 0 0 0 0 0 0 596 0 0 0 0 0 0 0 0 0 0 0 0 0 0 640 0 0 0 
10276 20914 1055 2985.39 0 0 0 0 0 0 551 573 0 0 0 0 0 0 0 0 0 0 0 0 0 0 0 0 0 0 0 0 0 0 0 
10277 21354 224 574.114 0 0 1111 0 0 0 654 0 0 0 0 0 0 0 0 4021 0 0 0 0 0 0 0 0 0 0 0 0 0 0 0 
10277 21644 514 1423.98 0 0 0 0 0 0 0 0 0 0 0 0 0 0 0 613 0 0 0 703 0 0 0 0 0 0 0 0 0 0 0 
10278 22899 510 1458.34 0 0 0 0 0 0 0 0 0 0 0 0 0 0 0 0 0 1054 0 0 1142 0 0 0 0 0 0 0 3967 3678 0 
10278 23037 648 1875.12 0 0 0 0 0 0 1152 0 0 0 0 0 0 0 0 0 0 157 0 0 0 0 0 0 0 0 0 4081 0 1418 0 
10278 23152 763 2184.14 0 0 0 0 0 0 0 0 0 0 0 0 529 0 0 0 0 544 0 0 0 0 0 0 0 0 0 0 0 0 0 
10278 23199 810 2301.28 0 0 0 0 0 0 0 0 0 0 0 0 0 0 714 0 0 0 0 0 0 0 0 0 0 0 0 580 0 0 0 
10278 23231 842 2385.82 0 0 0 0 0 0 0 0 0 0 0 0 3899 0 0 0 0 0 0 0 0 0 3887 0 866 1900 0 0 0 0 0 
10278 23322 933 2660.61 0 0 592 0 0 0 0 0 0 0 0 0 0 0 0 0 0 644 0 0 0 0 0 0 0 0 0 0 0 0 0 
10299 23918 300 852.542 0 0 0 0 0 0 0 0 0 0 0 0 0 0 0 545 0 0 0 0 0 0 0 0 0 0 0 0 0 0 524 
10301 24348 204 542.581 0 0 0 0 0 0 0 0 0 0 0 0 0 624 894 0 0 0 0 0 0 0 275 0 0 0 0 0 0 0 0 
10301 24511 367 1035.74 0 792 0 0 0 0 0 711 0 0 0 0 0 0 0 2354 0 0 0 2853 0 0 0 0 0 0 0 0 0 0 0 
10303 25419 5 18.9217 0 0 0 0 0 0 0 0 0 0 0 0 0 0 0 0 0 0 627 0 821 0 0 0 0 0 0 0 0 0 1974 
10304 26195 753 2258.93 0 0 0 1255 0 0 0 0 0 0 0 1457 0 0 0 0 0 0 0 0 0 0 0 0 0 0 0 4003 0 0 0 
10306 27927 65 197.539 0 0 0 0 0 0 0 0 0 0 0 0 649 0 0 0 0 575 0 0 0 0 0 0 0 0 0 0 0 0 0 
10306 28242 380 1081.82 0 0 0 0 0 0 0 544 0 0 0 0 0 0 0 0 0 0 0 0 0 0 0 0 0 0 0 0 0 0 0 
10306 28323 461 1297.63 0 0 0 0 0 0 0 0 0 0 0 0 0 0 529 0 0 0 0 0 0 0 0 0 0 0 0 0 0 0 0 
10308 30881 544 1590.05 0 0 0 0 0 0 0 0 0 0 0 0 0 541 823 0 0 0 0 0 0 0 0 0 0 0 0 0 0 0 0 
10308 31185 848 2468.42 0 0 0 0 0 0 0 0 0 0 0 0 0 0 0 0 1298 993 0 0 1007 0 0 1621 0 0 0 0 0 0 0 
10313 32767 614 1806.78 647 607 0 0 0 0 0 0 0 0 0 0 0 0 0 0 0 0 0 0 0 0 0 0 0 0 0 0 0 0 0 
10313 32808 655 1911.76 0 0 0 0 0 1057 0 1217 0 0 0 0 0 0 0 0 0 0 646 0 0 723 0 0 0 0 0 0 0 0 0 
10313 33372 1219 3580.26 0 0 1567 0 0 0 0 2206 0 0 0 0 0 0 0 0 0 0 0 0 0 0 0 0 0 0 0 1355 0 0 0 
10314 33690 308 930.975 0 0 0 0 0 0 0 0 0 0 0 0 696 0 0 0 0 0 0 0 0 0 0 0 0 698 0 0 0 0 0 
10314 34537 1155 3507.49 0 0 0 0 0 0 0 0 0 0 0 0 0 0 0 0 0 1260 0 0 1208 0 0 0 0 0 0 3850 0 0 0 
10315 34954 382 1092.9 0 0 0 0 0 0 0 0 0 0 0 0 0 246 0 0 0 0 0 0 0 0 0 0 0 0 0 501 0 0 0 
10316 35976 988 2838.13 0 0 0 0 0 0 0 0 0 0 0 0 0 0 0 0 0 0 0 0 0 0 1101 0 3921 3921 0 0 0 0 0 
10317 37463 1235 3484.3 0 0 0 0 0 0 0 0 0 0 0 0 0 560 330 0 0 541 0 0 0 0 0 0 0 0 0 0 0 0 0 
10318 38322 813 2332.5 0 0 0 0 0 0 0 0 0 0 0 0 0 0 0 0 0 0 526 0 0 0 0 0 3058 2946 0 0 0 0 0 
10319 39181 438 1303.83 0 0 0 0 0 0 1197 0 0 0 0 0 0 0 0 3319 0 0 1048 3412 0 1058 0 0 0 0 0 0 0 0 0 
10320 40296 333 1029.12 0 0 0 0 0 0 0 0 0 0 0 0 528 0 0 0 0 506 0 0 0 0 0 0 0 0 0 0 0 0 0 
10320 40689 726 2154.03 0 0 0 0 0 0 0 0 0 0 0 502 0 0 0 0 0 0 0 0 0 0 0 0 0 0 0 0 0 0 671 
10321 41751 565 1664.08 0 0 0 0 0 0 0 0 0 0 0 0 0 0 0 0 0 3938 0 0 0 2770 0 0 0 0 0 0 0 0 3938 
10322 42466 488 1390.49 0 925 0 0 0 0 0 0 0 0 812 0 0 0 0 0 0 838 0 0 782 0 0 0 0 0 0 0 0 0 0 
10322 42796 818 2368.95 0 0 0 0 0 775 532 0 0 0 0 0 0 0 0 0 0 0 0 0 0 0 0 0 0 0 0 0 0 0 0 
10322 43169 1191 3494.86 0 0 0 0 0 593 0 0 547 0 0 0 0 0 0 0 0 0 0 0 0 0 0 0 0 0 0 0 0 0 0 
10323 43834 626 1914.97 0 0 0 0 736 0 0 0 0 0 0 0 0 0 0 0 0 0 681 0 0 0 0 0 0 0 0 0 0 0 0 
10325 45558 286 836.643 0 0 0 0 0 0 0 0 0 0 0 0 0 0 0 536 0 0 0 122 0 0 0 0 0 0 0 550 0 0 0 
10326 46630 115 378.603 0 0 0 0 0 0 0 0 0 0 0 0 0 0 538 0 0 0 0 0 0 0 0 0 0 0 0 637 0 0 0 
10326 47180 665 2021.72 0 0 0 0 0 1328 0 0 0 0 0 0 4044 716 383 0 0 0 0 0 0 0 4050 0 0 0 0 0 0 0 0 
10327 48229 499 1483.87 0 0 0 0 0 601 0 0 0 0 0 0 0 0 0 0 0 637 0 0 0 0 0 0 0 0 0 0 0 0 0 
10328 49064 87 244.769 1428 0 0 0 0 0 0 0 0 1404 0 0 0 0 0 0 0 0 0 0 0 0 0 0 0 0 0 2656 3930 3930 0 
10328 49125 148 396.154 0 0 0 1734 0 0 0 0 0 0 0 0 0 0 0 0 0 929 0 0 0 1488 0 0 0 0 0 0 0 0 0 
10328 49860 883 2567.48 0 0 0 0 1136 0 0 0 0 0 3513 0 0 0 0 0 0 0 949 0 0 1400 0 0 0 0 0 0 0 0 0 
10329 50727 508 1546.83 0 0 0 0 0 0 0 0 2604 0 0 0 0 0 0 175 0 1542 0 0 0 1266 0 0 0 0 0 0 0 0 0 
10329 51176 957 2814 1153 0 0 0 0 0 0 0 0 0 222 1178 0 0 0 0 0 2234 0 0 0 1306 0 0 0 0 0 0 0 0 417 
10330 52200 770 2242.85 0 0 1146 0 0 0 0 0 0 0 1268 0 0 0 0 0 0 0 0 0 0 0 0 0 0 0 0 4070 0 0 0 
10331 53797 1113 3095.04 0 0 0 0 0 0 0 0 0 0 0 581 0 0 0 0 0 0 0 0 0 0 0 0 0 0 0 693 0 0 0 
10332 54140 163 430.92 0 0 0 0 1166 0 0 905 0 0 0 0 0 0 0 0 2485 0 0 0 0 0 0 3892 0 0 0 0 0 0 0 
10332 54352 375 1053.82 0 0 2954 257 0 0 0 0 301 1385 0 0 990 0 0 0 0 0 0 0 0 0 423 0 3932 3932 0 0 0 0 0 
10334 57367 939 2793.99 0 0 1220 0 0 0 0 0 979 0 0 0 0 0 0 0 0 143 0 0 0 539 0 0 0 0 0 0 0 0 0 
10337 60247 103 294.844 649 4077 777 389 0 0 0 0 0 773 4077 547 0 0 0 0 0 1835 0 0 921 0 0 0 0 0 0 284 4083 2665 0 
10337 60610 466 1368.02 0 0 512 0 0 0 0 0 0 0 0 1736 0 0 0 0 0 0 0 0 0 0 0 0 3255 0 0 3972 0 0 0 
10338 61724 771 2263.32 0 0 0 0 0 0 0 0 0 0 0 0 0 3860 0 0 2623 0 0 0 0 0 646 2398 0 0 0 0 0 0 0 
10338 61735 782 2291.38 0 0 0 999 0 0 0 0 0 0 0 1273 0 0 0 0 0 0 388 0 581 0 0 0 3855 0 0 0 0 0 0 
10339 62517 311 897.769 0 0 0 0 0 0 4074 700 0 0 0 0 0 0 0 0 0 0 0 0 0 0 0 0 0 0 0 0 235 121 448 
10339 62550 344 993.578 0 0 0 0 0 0 0 0 0 511 0 0 0 0 0 0 0 0 0 0 0 0 0 0 0 0 0 581 0 0 0 
10339 63270 1064 3054.07 0 0 0 0 0 0 0 0 0 0 0 0 0 0 0 0 0 1099 0 0 0 737 0 0 0 0 0 0 2762 0 0 
10340 63536 91 250.369 0 0 0 0 0 0 0 0 0 0 0 0 0 0 0 0 0 0 0 0 0 0 0 0 0 0 0 0 505 0 0 
10341 63745 36 103.667 0 0 0 0 0 0 0 0 0 0 0 0 0 0 0 558 0 0 0 641 0 0 0 0 0 0 0 0 0 0 0 
10341 64036 327 977.095 0 0 0 0 0 1067 0 2045 0 0 0 0 299 0 316 0 0 0 1145 0 770 0 112 0 0 0 0 0 0 0 0 
10342 65883 953 2746.67 0 0 0 0 0 0 1488 0 0 0 0 0 0 0 0 1753 0 1404 0 0 0 0 0 0 0 0 0 0 0 0 0 
10342 66098 1168 3343.09 0 0 0 2176 0 0 0 0 953 0 0 0 0 0 0 0 0 1314 0 0 1188 0 0 0 0 0 0 0 0 0 0 
10347 68998 48 114.58 0 0 0 0 0 0 0 0 0 722 185 0 0 0 0 0 0 0 0 0 0 0 0 0 0 0 0 2991 0 0 0 
10348 70331 211 623.897 0 0 0 0 0 0 1179 0 0 0 0 0 0 0 0 0 3982 0 841 176 764 0 0 1487 0 0 0 0 0 0 0 
10350 71874 179 504.189 1687 0 0 0 0 0 0 0 1631 351 0 0 0 0 0 0 0 1114 0 0 0 1431 0 0 0 0 0 0 0 0 1065 
10355 72444 170 492.823 0 0 0 2089 0 0 0 1729 0 0 0 0 0 1808 1678 0 0 0 0 0 0 0 0 0 0 0 0 0 0 0 0 
10357 73154 464 1339.31 0 0 0 0 0 0 0 0 0 0 0 0 0 0 0 0 0 0 0 0 0 0 0 0 0 0 0 2879 3989 3269 0 
10357 73744 1054 3084.3 0 0 0 0 0 0 0 0 0 0 0 0 0 0 0 0 0 0 0 0 0 0 0 0 0 0 0 0 0 0 721 
10423 74484 453 1370.07 0 0 0 0 0 0 0 0 0 0 0 0 0 0 0 0 0 0 0 0 0 0 0 0 0 0 0 0 0 0 557 
10423 74648 617 1809.5 339 325 643 525 0 0 0 0 470 649 0 0 0 0 0 193 0 0 0 128 0 0 0 0 0 531 0 103 0 0 0 
10426 75396 11 26.5413 0 0 0 0 0 0 0 0 0 0 0 0 0 0 0 0 0 0 0 0 0 0 0 0 0 0 0 2272 0 0 0 
10426 75430 45 113.42 0 0 0 0 0 0 0 0 0 0 0 0 0 0 0 0 0 0 1075 0 1523 0 0 0 0 0 0 0 0 0 0 
10426 75897 512 1480.44 0 0 0 0 0 0 862 0 0 0 0 0 0 0 0 0 3927 0 690 0 0 534 0 3927 0 0 0 0 0 0 0 
10429 79269 200 577.954 0 0 0 0 615 0 0 0 0 0 0 0 0 0 0 0 0 573 0 0 0 0 0 0 0 0 0 0 0 0 0 
10431 81086 55 155.454 1173 0 0 0 0 0 0 0 1148 0 0 0 0 0 0 0 0 1013 0 0 1215 0 0 0 0 0 0 0 0 0 124 
10431 81827 796 2379.75 0 0 0 0 1001 0 0 0 0 1102 0 0 1679 0 0 0 0 0 0 0 0 0 1346 0 0 0 0 0 0 0 0 
10433 84295 833 2394.06 0 0 0 0 0 1125 0 0 0 0 0 2731 0 0 0 0 0 0 0 0 0 0 0 0 0 4090 0 871 0 0 0 
10433 84381 919 2658.61 0 0 0 0 0 0 0 0 0 0 0 0 0 0 0 0 0 0 0 0 0 0 0 0 0 0 0 0 0 0 612 
10434 85046 348 1027.23 0 901 0 0 0 0 0 693 0 0 0 0 0 0 0 0 0 0 0 121 0 407 0 0 0 0 0 0 0 0 531 
10434 85762 1064 3000.84 0 0 0 0 1334 0 0 0 0 0 1047 0 1841 0 0 0 0 0 0 0 0 0 1322 0 0 0 0 0 0 0 0 
10436 86484 79 244.671 0 0 0 0 0 0 0 0 0 0 0 0 0 0 508 0 0 0 0 563 0 0 0 0 0 0 0 0 0 0 0 
10437 86838 232 619.564 0 0 0 0 0 0 0 0 0 0 0 676 0 0 0 0 0 0 0 0 0 0 0 0 0 0 0 0 0 0 0 
10439 88074 1 11.9723 0 0 0 0 1004 0 0 2837 0 0 0 0 0 0 0 0 0 0 577 0 0 927 0 0 0 0 0 0 0 0 0 
10441 89741 557 1605.57 0 0 0 0 0 0 0 1191 0 0 0 0 0 0 0 0 0 0 748 155 1355 0 0 0 0 0 0 0 0 0 0 
10441 89812 628 1827.7 0 0 0 0 0 0 0 0 0 0 0 0 0 0 0 504 0 525 0 0 0 0 0 0 0 0 0 0 0 0 0 
10455 93117 151 457.534 0 0 0 0 0 0 0 0 0 0 0 0 0 1737 1947 0 0 0 1095 0 0 1273 0 0 0 0 0 0 0 0 0 
10458 94113 125 349.382 0 0 0 0 0 0 0 0 0 0 0 0 0 0 0 0 0 1465 0 0 0 0 0 0 0 0 0 0 0 0 2485 
10461 94958 265 763.231 2251 0 0 0 0 0 0 0 0 0 0 1480 0 0 0 0 0 0 0 0 0 0 0 0 0 0 0 1892 3965 3965 0 
10467 95430 43 143.851 0 504 0 0 0 0 0 0 0 516 0 0 0 0 0 0 0 0 0 0 0 0 0 0 0 0 0 0 0 0 0 
10470 95773 14 51.3182 0 0 0 0 0 0 0 0 0 0 0 0 635 0 0 0 0 0 0 0 0 0 0 0 0 0 0 0 0 0 619 
10470 95919 160 505.705 0 0 0 0 0 0 0 698 532 0 0 0 0 0 0 0 0 0 0 0 0 0 0 0 0 0 0 0 0 0 0 
10481 96034 91 279.941 0 2672 0 0 0 0 0 0 0 0 0 2125 0 0 0 0 0 2370 0 0 3986 0 0 0 0 0 0 0 0 0 0 
10483 98818 489 1468.33 0 0 0 0 0 0 0 0 0 0 0 1316 0 0 0 0 0 0 2139 0 2639 0 0 0 0 0 0 3995 0 0 0 
10510 100284 216 618.377 0 0 0 1701 0 0 0 0 0 0 0 0 0 0 0 0 0 0 0 0 0 0 0 0 0 0 0 3129 0 0 0 
10510 101212 1144 3259.43 0 1841 0 0 0 0 0 0 0 0 0 2025 0 0 0 0 0 0 1885 0 2264 0 0 0 0 0 0 0 0 0 0 
10511 101846 499 1385.26 0 0 0 0 0 0 0 0 0 517 0 0 0 0 0 0 0 0 0 0 0 0 0 0 0 0 0 0 0 0 0 
10511 102038 691 1971.4 0 0 0 0 0 0 0 1978 0 0 0 0 0 0 0 0 0 0 1768 0 2639 0 0 0 0 0 0 0 0 0 0 
10515 106282 52 177.054 0 0 0 2728 0 0 0 0 313 1146 0 0 0 0 0 0 2143 0 0 0 0 0 0 2006 0 0 0 0 0 0 0 
10515 106411 181 555.876 0 0 0 0 0 0 962 0 0 0 0 0 0 0 0 2859 0 1319 0 2456 1211 0 0 0 0 0 0 0 0 0 0 
10515 106854 624 1851.61 0 0 0 0 0 0 0 0 0 0 0 0 0 1175 622 0 0 0 0 0 0 0 0 0 0 0 0 0 0 0 0 
10515 107188 958 2809.12 0 0 0 0 0 0 0 1383 333 329 0 0 0 0 0 0 0 0 0 0 0 0 0 0 0 0 0 0 0 0 0 
10516 108253 806 2429.11 0 0 0 0 0 970 0 0 0 0 0 1036 0 0 0 0 0 0 0 0 0 0 0 0 0 0 0 0 0 0 0 
10518 109980 57 143.959 0 0 0 0 0 0 0 0 0 0 860 0 0 0 0 0 0 0 0 0 0 0 0 0 0 0 0 0 0 4063 0 
10519 111484 275 782.921 0 0 0 0 0 0 1126 0 0 0 0 0 0 0 0 4060 0 0 855 4071 0 1772 0 0 0 0 0 0 0 0 0 
10519 112107 898 2538.4 1375 0 0 0 0 0 0 0 0 3103 199 0 0 0 0 0 0 0 0 0 0 0 0 0 0 0 0 3946 0 193 0 
10520 112705 246 720.888 0 0 0 0 0 0 0 0 533 515 0 0 0 0 0 0 0 0 0 0 0 0 0 0 0 0 0 0 0 0 0 
10522 115142 266 784.636 0 0 0 0 0 0 0 0 0 0 0 0 0 0 0 502 0 0 0 795 0 0 0 0 0 0 0 0 0 0 0 
10522 115419 543 1606.16 0 0 0 0 0 0 0 0 0 0 0 0 483 0 0 0 0 0 753 0 761 0 287 0 3911 3911 0 0 0 0 0 
10524 118010 659 1976.83 0 0 1020 4081 0 0 0 732 4081 443 0 0 0 0 0 1953 4030 0 0 2673 0 0 0 0 0 0 0 0 0 0 0 
10524 118027 676 2031.02 0 0 0 0 0 0 0 0 0 0 0 0 542 0 0 557 0 0 0 0 0 0 0 0 0 0 0 0 0 0 0 
10525 119203 596 1709.93 0 0 0 0 0 0 0 0 0 0 0 0 0 0 0 0 0 1315 0 0 0 1080 0 0 0 0 0 0 0 0 2257 
10527 120748 303 912.258 0 0 503 0 0 0 0 0 0 516 0 0 0 0 0 0 0 0 0 0 0 0 0 0 0 0 0 0 0 0 0 
10549 121487 734 2161.51 0 342 0 0 287 630 520 407 586 0 527 778 340 274 278 0 0 185 0 151 0 0 0 0 0 0 0 0 0 0 136 
10549 121555 802 2368.02 0 0 0 0 0 1488 790 0 0 0 0 0 0 0 0 0 0 0 0 0 0 0 0 0 0 0 0 0 0 0 0 
10549 121918 1165 3501.54 628 372 522 440 613 1126 805 632 726 671 793 1328 373 333 330 0 0 275 0 275 0 0 308 0 0 0 0 217 0 156 209 
10552 123266 613 1870.37 0 1256 0 0 0 0 0 0 0 0 0 1246 0 0 0 0 0 0 0 0 0 0 0 0 0 0 0 3916 0 0 0 
10552 123750 1097 3327.02 0 0 0 0 0 0 0 0 0 0 0 0 0 0 0 506 0 0 0 551 0 0 0 0 0 0 0 0 0 0 141 
10554 125450 361 1119.52 0 0 0 0 0 873 0 0 0 0 0 1372 0 0 0 0 0 0 0 0 0 0 0 0 427 3612 0 0 0 0 0 
10554 125454 365 1129.76 0 0 0 0 0 1200 0 0 0 1090 0 0 0 0 0 0 0 0 1368 0 956 0 0 0 0 0 0 0 0 0 0 
10554 125619 530 1655.29 0 0 0 0 0 303 0 0 0 339 279 0 4067 0 0 0 0 1317 0 123 0 603 1384 0 0 0 0 0 0 0 0 
10554 126248 1159 3440.31 0 0 0 614 0 0 0 0 0 0 0 0 0 0 576 0 0 0 0 0 0 0 0 0 0 0 0 0 0 0 0 
10555 126867 560 1553.85 0 0 0 0 0 0 0 0 0 0 0 0 0 508 527 0 0 0 0 0 0 0 0 0 0 0 0 0 0 0 0 
10556 127923 349 996.322 0 0 0 0 749 0 0 0 0 0 1757 0 0 0 0 0 0 0 846 0 503 0 0 0 0 0 0 0 0 0 0 
10556 128623 1049 3094.7 0 0 0 0 0 0 0 0 0 0 0 0 0 0 0 626 0 0 0 540 0 0 0 0 0 0 0 0 0 0 0 
10556 128699 1125 3333.08 0 0 0 0 0 0 0 0 0 0 0 0 0 0 0 0 4026 1477 0 0 0 615 118 4026 0 0 0 0 0 0 0 
10570 130742 32 103.893 0 0 0 0 0 0 0 0 0 0 0 0 0 0 0 0 0 1356 0 0 886 0 0 0 0 0 0 3984 0 0 0 
10608 133182 414 1144.58 0 0 0 0 0 0 0 0 0 0 0 0 0 0 0 3966 0 2730 0 2797 0 3703 0 0 0 0 0 0 0 0 0 
10609 134334 302 874.257 0 4073 0 0 0 0 0 0 1263 0 0 0 0 0 0 1348 0 0 0 1748 0 0 0 0 0 0 0 0 0 0 0 
10611 136656 174 499.875 0 0 0 0 1043 0 0 0 0 0 0 1382 0 0 0 0 0 0 0 0 0 0 0 0 0 0 0 1862 0 0 0 
10611 137381 899 2695.66 0 0 0 0 0 0 0 0 0 0 0 0 0 513 0 0 0 0 0 0 0 0 0 545 0 0 0 0 0 0 0 
10611 137440 958 2840.29 0 0 0 0 0 0 0 0 0 0 904 0 0 0 0 0 0 0 1065 0 632 0 0 0 0 0 0 0 0 0 0 
10612 137830 154 506.517 0 0 0 0 0 0 0 0 0 0 0 0 527 0 0 0 0 0 0 0 0 0 0 0 0 0 0 0 0 0 583 
10612 138043 367 1120.97 0 0 0 0 0 503 0 0 0 0 0 0 0 0 0 0 0 569 0 0 0 0 0 0 0 0 0 0 0 0 0 
10615 141585 172 526.41 0 0 0 0 0 0 0 0 0 0 0 0 0 266 0 0 0 0 0 0 0 0 0 0 0 0 0 0 0 0 910 
10615 142286 873 2511.53 0 0 0 0 0 0 0 0 0 0 0 0 0 0 0 1124 0 0 0 1805 0 0 0 0 0 0 0 0 0 0 0 
10616 142896 226 621.83 0 0 0 0 0 0 0 0 0 0 0 0 0 0 0 0 0 0 0 0 0 0 0 0 0 0 0 1286 3685 2872 0 
10616 143092 422 1199.22 0 0 0 0 0 0 0 0 0 0 0 0 0 0 562 0 0 0 0 0 0 0 0 0 0 0 0 0 0 536 0 
10616 143532 862 2532.44 0 0 0 0 0 0 0 0 523 0 0 0 0 0 0 0 0 0 0 0 0 0 0 0 0 0 0 0 0 0 0 
10618 145713 552 1547.3 0 0 0 0 1501 0 0 0 0 0 0 2185 0 0 0 0 0 1837 0 0 1053 0 0 0 0 0 0 0 0 0 0 
10618 146245 1084 3135.53 0 996 0 0 0 0 0 0 1972 0 0 0 0 0 0 0 0 0 0 0 0 0 0 0 0 0 0 2551 0 0 0 
10620 148109 483 1447.97 0 0 568 3899 0 0 0 0 3899 0 0 0 0 0 0 0 0 0 0 0 0 0 0 0 1298 1051 0 0 0 0 0 
10621 148946 142 478.385 1388 0 0 0 0 0 0 0 0 959 0 0 0 0 0 0 0 0 0 0 0 0 0 0 0 0 0 4085 0 0 0 
10621 149138 334 992.72 0 0 0 0 0 932 0 0 0 1583 0 0 0 0 0 267 3893 0 0 0 0 0 0 3893 0 0 0 0 0 0 0 
10622 151167 1121 3184.29 0 0 0 2077 0 0 0 1718 341 0 0 0 0 0 0 0 0 0 0 0 0 0 0 0 0 0 0 0 0 0 2071 
10623 151711 400 1224.4 0 0 0 0 0 0 0 0 0 0 0 0 623 0 0 0 0 0 0 0 0 0 598 0 0 0 0 0 0 0 0 
10623 152022 711 2085.85 0 0 0 0 0 0 0 0 0 0 0 0 518 0 0 0 0 0 0 0 0 0 534 0 0 0 0 0 0 0 0 
10623 152534 1223 3547.65 0 0 0 0 0 1123 0 0 0 1089 0 0 0 0 0 0 0 0 793 0 764 0 270 0 0 0 0 0 0 0 0 
10624 152737 190 558.341 0 0 0 0 0 0 0 0 0 0 0 0 0 4055 3454 0 1911 0 0 0 0 0 0 1630 0 0 0 0 0 0 0 
10624 152863 316 919.591 0 0 0 0 657 0 786 0 0 0 0 0 0 0 0 0 0 0 0 0 0 0 0 0 0 0 0 0 0 0 0 
10625 154690 915 2716.66 0 0 0 0 1038 0 0 848 0 0 0 0 0 0 0 522 0 928 0 1650 0 771 0 0 0 0 0 0 0 0 0 
10626 155907 907 2537.73 0 0 0 0 0 1304 0 0 0 0 0 2780 0 0 0 0 0 1324 0 0 1405 0 0 0 0 534 0 317 0 0 0 
10626 156175 1175 3297.64 0 0 1344 0 0 0 0 0 0 0 0 0 0 0 0 0 0 0 705 0 0 877 0 0 0 0 0 0 0 0 0 
10627 157416 1148 3301.49 0 2010 0 0 0 0 0 0 0 1900 0 0 0 0 0 0 0 0 0 0 0 0 0 0 0 0 0 0 2854 1657 0 
10628 157790 260 704.172 0 0 0 0 0 0 0 0 0 0 0 827 0 0 0 0 0 0 0 0 0 0 0 0 0 0 0 539 0 0 0 
10629 158270 360 1028.13 0 0 0 0 0 0 0 0 0 0 0 0 0 0 0 3835 0 1269 0 3571 0 1010 0 0 0 0 0 0 0 0 0 
10629 158987 1077 3102.09 0 0 0 2340 0 0 0 1137 413 0 0 0 0 0 0 0 0 0 1100 0 948 0 0 0 0 0 0 0 0 0 0 
10632 162255 624 1838.7 0 0 0 0 0 355 0 0 1135 556 0 0 1814 1715 0 0 0 0 0 0 0 0 2403 0 0 0 0 0 0 0 0 
10634 164058 32 85.3553 287 316 1247 0 0 0 0 0 0 0 1511 0 0 0 0 0 0 0 0 0 0 0 0 0 0 0 0 0 1220 1292 0 
10634 164546 520 1511.83 0 0 0 0 0 0 0 0 0 0 0 0 0 0 0 0 0 1127 0 0 485 0 0 0 0 0 0 154 2295 0 0 
10634 164716 690 2010.3 0 0 1811 0 0 0 0 0 1043 0 0 0 0 0 0 0 0 1032 0 0 0 751 0 0 0 0 0 0 0 0 0 
10635 166001 759 2211.15 0 0 0 0 0 0 0 0 0 0 0 0 0 0 0 0 0 0 1666 0 834 0 0 0 2900 3353 0 0 0 0 0 
10637 167950 256 708.324 0 0 0 0 0 0 0 0 0 686 0 0 0 0 0 0 0 2334 0 0 0 1591 0 0 0 0 0 0 0 0 3971 
10637 168142 448 1255.27 0 0 0 0 0 0 0 0 0 0 0 590 0 0 0 0 0 0 0 0 0 0 0 0 0 0 0 598 0 0 0 
10637 168224 530 1484.48 0 0 0 0 0 0 0 0 0 0 0 0 0 0 0 509 0 0 0 560 0 0 0 0 0 0 0 0 0 0 0 
10639 169093 20 50.2833 0 0 0 0 0 0 0 0 0 0 0 0 0 231 0 0 0 0 2784 0 0 1395 0 0 1237 1294 0 0 0 0 0 
10639 170212 1139 3387.03 0 0 0 0 0 0 0 0 0 0 1401 0 0 0 0 0 0 0 810 0 654 0 0 0 0 0 0 0 0 0 0 
10641 171545 46 125.133 0 0 0 0 0 0 0 0 0 0 0 0 0 0 0 527 0 0 0 862 0 0 0 0 0 0 0 0 0 0 0 
10641 172152 653 1956.44 671 589 0 0 0 0 0 0 0 0 0 0 0 0 0 0 0 0 0 0 0 0 0 0 0 0 0 0 0 0 0 
10641 172442 943 2845.02 0 0 0 0 0 0 1069 0 0 0 0 0 0 0 0 2958 0 3947 0 2395 0 3947 0 0 0 0 0 0 0 0 0 
10641 172611 1112 3341.45 0 0 0 0 0 1036 0 1259 0 0 0 0 0 0 0 0 926 0 824 0 0 402 0 4030 0 0 0 0 0 0 0 
10641 172669 1170 3499.22 0 0 0 0 0 0 0 0 0 0 0 0 524 0 0 0 0 0 0 0 0 0 514 0 0 0 0 0 0 0 0 
10642 173363 653 1921.68 0 0 0 0 0 0 0 0 0 0 0 0 0 0 0 0 0 0 0 0 0 0 0 0 0 0 0 0 0 0 578 
10643 174113 167 491.43 1166 0 0 0 0 0 0 0 0 646 0 0 0 0 0 0 0 1303 0 0 0 1275 0 0 0 0 0 0 0 0 0 
10643 174565 619 1826.35 0 0 0 2000 0 0 0 0 0 1269 0 0 0 0 0 0 0 0 1714 0 1266 0 0 0 0 0 0 0 0 0 0 
10644 175918 759 2196.02 0 0 0 0 0 0 0 0 0 0 742 0 0 0 0 0 0 1113 0 0 0 458 0 0 0 0 0 0 3997 3997 0 
10645 176732 328 944.983 0 0 0 0 0 0 0 0 0 0 0 0 714 0 0 0 0 0 0 0 0 0 561 0 0 0 0 0 0 0 0 
10646 177926 262 703.981 0 0 0 0 0 2742 0 0 1361 0 0 0 0 0 2977 0 0 0 0 0 0 0 0 0 0 0 0 0 0 0 0 
10646 178296 632 1803.8 0 0 0 0 0 0 0 0 0 0 0 0 0 0 0 0 0 827 0 0 720 0 0 0 0 0 0 0 3159 0 0 
10647 179426 525 1631.98 0 0 0 0 0 0 0 0 0 0 0 0 0 0 0 0 0 0 0 0 0 0 0 0 4017 4017 0 0 0 0 0 
10647 179535 634 2013.36 0 0 0 0 0 0 0 0 0 0 0 0 0 0 0 0 0 0 0 0 0 0 0 0 0 0 0 0 0 0 729 
