13000 966 966 2962.37 0 0 0 0 0 0 0 0 0 0 0 0 0 0 0 0 3907 0 734 0 0 367 0 3907 0 0 0 0 0 0 0 0 
13001 1409 213 628.982 0 0 0 0 0 0 0 0 0 0 0 0 0 0 0 3946 0 0 0 3967 0 0 0 0 0 0 0 0 0 0 1656 2615 
13001 1778 582 1761.45 0 0 1585 2019 0 0 0 421 2193 0 0 0 0 0 0 0 0 1684 0 0 1746 0 0 0 0 0 0 0 0 0 0 0 
13001 1785 589 1781.08 0 0 0 0 0 0 0 0 0 0 1648 0 0 0 0 0 0 0 0 0 0 0 0 0 0 0 0 0 2681 0 0 3422 
13001 1873 677 2034.81 0 0 0 0 0 0 0 0 0 0 0 0 0 3986 0 0 2241 0 0 0 0 996 0 2036 0 0 0 0 0 0 0 0 
13001 1928 732 2189.84 0 0 0 273 3931 2015 2054 3931 589 0 0 0 0 0 0 0 0 1634 0 0 3952 0 0 0 0 0 0 0 0 0 0 0 
13001 2329 1133 3374.17 0 711 0 0 0 0 0 0 0 0 1112 0 0 0 0 0 0 3344 0 0 2319 0 0 0 0 0 0 0 0 0 0 0 
13002 3412 1015 2928.09 308 0 0 0 0 0 0 0 0 0 1113 0 0 0 0 0 0 0 0 0 0 0 0 0 0 0 0 0 578 0 0 0 
13005 7052 1011 3105.75 0 0 0 0 0 0 0 0 0 0 0 0 0 661 624 0 0 0 0 0 0 0 0 0 0 0 0 0 0 0 0 0 
13007 8362 2 11.2584 0 0 0 0 0 0 0 1608 0 0 0 0 0 0 0 0 4068 0 0 0 0 0 0 3920 0 0 0 0 0 0 0 0 
13007 8547 187 606.869 0 0 0 0 0 599 0 0 0 534 0 0 0 0 0 0 0 0 0 0 0 0 0 0 0 0 0 0 0 0 0 0 
13007 8885 525 1612.34 586 0 0 0 0 0 0 0 0 0 0 1362 0 0 0 0 0 0 2103 0 2483 0 0 0 0 0 0 0 0 0 0 0 
13008 10330 779 2340.47 0 0 0 4095 1036 0 0 414 3862 367 0 0 0 0 317 0 0 0 1518 0 0 1500 0 0 0 0 0 0 0 0 0 0 
13009 11422 683 2075.04 0 0 0 0 889 0 817 0 0 0 0 0 0 0 0 0 3655 0 0 0 0 0 0 0 0 0 0 0 0 0 0 0 
13009 11907 1168 3523.94 0 0 0 0 0 0 0 0 0 0 0 0 501 0 0 0 0 750 0 0 0 0 0 0 0 0 0 0 0 0 0 0 
13010 12196 268 730.117 0 0 0 0 0 0 0 0 0 0 0 0 0 3992 3992 0 0 4013 0 0 4013 0 0 0 0 0 0 0 0 0 0 0 
13010 12833 905 2724.22 0 0 0 0 0 782 0 0 0 0 0 1946 0 0 0 0 0 0 930 0 902 0 0 0 0 0 0 0 0 0 0 0 
13010 13121 1193 3583.74 0 0 0 0 0 1574 0 0 1982 0 0 0 0 0 0 0 0 2419 0 0 0 1566 0 0 0 0 0 0 0 0 0 0 
13013 16010 433 1316.49 994 0 0 0 0 0 0 0 0 776 0 0 0 0 0 0 0 1920 0 0 0 3208 0 0 0 0 0 0 0 0 0 0 
13013 16475 898 2684.77 0 0 0 0 0 0 0 0 0 0 0 0 0 0 502 0 0 0 0 0 0 0 0 0 0 0 0 506 0 0 0 0 
13013 16773 1196 3584.79 0 0 0 0 0 0 0 0 0 0 0 0 0 1393 0 0 0 1381 0 0 1207 0 0 0 0 0 0 0 0 0 0 0 
13014 16985 209 631.701 0 0 0 0 0 0 0 0 519 517 0 0 0 0 0 0 0 0 0 0 0 0 0 0 0 0 0 0 0 0 0 0 
13015 18840 891 2619.99 0 0 1025 0 0 0 0 0 1138 0 0 0 0 0 0 2080 0 0 0 2179 0 0 0 0 0 0 0 0 0 0 0 0 
13015 18868 919 2707.88 0 0 0 0 0 0 0 0 0 0 0 0 0 0 0 0 0 1097 0 0 0 723 0 0 0 0 0 0 1736 0 0 2270 
13016 20024 855 2550.36 0 0 0 0 0 0 0 0 0 0 0 541 0 0 0 0 0 0 0 0 0 0 0 0 0 0 0 0 0 0 0 506 
13017 20667 288 816.5 0 0 0 0 1145 0 0 0 0 0 734 0 0 0 0 0 0 1695 0 0 0 871 0 0 0 0 0 0 0 0 0 0 
13017 20913 534 1535.54 3496 0 0 0 0 0 0 0 0 0 0 1249 0 0 0 0 0 0 0 0 0 0 0 0 0 0 0 1732 0 0 0 0 
13017 21249 870 2551.57 0 0 0 0 0 0 0 0 0 1325 0 0 3915 0 0 0 0 0 0 0 0 0 4032 0 0 0 0 0 0 0 0 0 
13017 21477 1098 3243.75 0 0 0 0 0 702 0 0 1128 0 0 0 0 0 0 0 0 0 959 0 837 0 0 0 0 0 0 179 0 0 0 0 
13018 21799 209 606.553 1238 0 0 0 0 0 0 0 878 0 0 0 0 0 0 0 0 0 0 0 0 0 0 0 0 0 0 0 3986 338 0 135 
13018 22009 419 1260.6 0 0 0 0 0 0 0 0 0 0 0 0 0 650 643 0 0 0 0 0 0 0 0 0 0 0 0 0 0 0 0 0 
13018 22588 998 3075.16 0 0 0 1862 0 0 0 0 404 0 0 0 0 0 0 0 0 1228 0 0 0 0 0 0 0 0 0 0 0 0 0 0 
13019 22775 0 1.41645 0 0 0 0 0 0 486 0 0 0 0 0 0 0 0 929 4018 282 272 4018 0 1972 0 4018 0 0 0 0 0 0 0 0 
13019 23322 547 1616.79 0 0 0 0 0 0 0 0 0 0 0 0 0 558 550 0 0 0 0 0 0 0 0 0 0 0 0 0 0 0 0 0 
13019 23403 628 1852.33 0 0 0 0 0 0 0 0 0 0 680 0 0 0 0 0 0 0 2903 0 0 547 0 1164 0 0 0 0 0 0 0 0 
13019 23758 983 2973.32 0 0 0 0 441 0 0 0 0 0 0 1326 0 0 0 0 0 1620 0 0 1023 0 0 0 0 0 0 0 0 0 0 0 
13020 24450 461 1345.49 0 0 0 0 0 0 0 0 0 0 0 0 0 0 0 671 0 0 0 511 0 0 0 0 0 0 0 0 0 0 0 0 
13020 24688 699 2092.19 0 0 0 0 0 0 0 0 0 0 0 0 0 575 0 0 0 0 0 0 0 0 0 0 0 0 0 0 0 0 0 682 
13021 25456 252 773.057 0 0 0 0 0 0 0 0 0 0 0 0 681 0 0 0 0 0 0 0 0 0 0 0 0 0 0 0 0 0 0 560 
13021 25755 551 1776.62 0 0 0 0 0 0 0 0 0 0 0 0 649 0 0 0 0 0 0 0 0 0 591 0 0 0 0 0 0 0 0 0 
13021 25931 727 2306.92 0 0 0 0 0 0 0 0 0 0 0 0 0 0 0 592 0 0 0 719 0 0 0 0 0 0 0 0 0 0 0 0 
13022 27199 811 2528.36 0 0 0 0 0 0 0 0 0 0 0 0 0 0 0 525 0 0 0 512 0 0 0 0 0 0 0 0 0 0 0 0 
13023 27641 99 312.651 0 0 1183 0 0 0 0 0 0 1260 0 0 0 0 0 0 0 998 0 0 0 664 0 0 0 0 0 0 0 0 0 0 
13024 29092 339 1030.71 0 0 0 0 0 0 0 0 0 0 247 0 0 0 0 0 0 0 0 0 0 0 0 0 0 0 982 2203 0 0 0 0 
13024 29554 801 2378.98 0 1100 0 0 0 0 0 0 0 863 0 0 0 0 0 0 0 0 0 0 0 0 0 0 0 0 0 0 2272 1921 0 0 
13024 29904 1151 3412.97 0 0 1145 0 0 0 0 0 1284 0 0 0 0 0 0 0 0 0 649 0 0 1343 0 0 0 0 0 0 0 0 0 0 
13025 30378 413 1245.03 1461 0 0 0 0 0 0 1130 0 0 0 0 0 0 0 0 0 0 0 0 0 0 0 0 0 0 0 0 0 0 1810 3973 
13025 30963 998 3006.55 0 0 0 0 0 0 1072 0 0 0 0 0 0 412 0 0 0 0 1137 0 0 1733 0 0 0 0 0 0 0 0 0 0 
13026 31344 176 558.48 0 519 0 0 0 0 0 0 0 0 0 0 0 0 0 0 0 565 0 0 0 0 0 0 0 0 0 0 0 0 0 0 
13026 31882 714 2203.16 0 0 0 0 0 0 0 0 0 0 0 0 0 0 0 561 0 0 0 723 0 0 0 0 0 0 0 0 0 0 0 0 
13026 32143 975 2926.19 0 0 0 0 0 0 0 0 0 0 0 0 0 3950 3950 0 3971 259 0 0 0 0 0 3971 0 0 0 0 0 0 0 0 
13027 32752 395 1183.01 0 0 0 0 0 3845 1360 451 0 0 0 0 0 0 0 0 3866 0 0 0 0 0 0 3866 0 0 0 0 0 0 0 0 
13027 33332 975 3018.52 0 0 0 0 0 0 0 1298 0 0 0 0 0 0 0 0 2786 0 0 0 0 0 0 2614 0 0 0 0 0 0 0 0 
13028 34192 639 1975.98 0 0 0 0 0 0 0 0 0 0 0 0 0 3917 3500 0 0 0 2540 0 0 2724 0 0 0 0 0 0 0 0 0 0 
13028 34555 1002 3073.65 0 0 0 0 0 0 0 0 0 0 0 0 0 0 0 638 0 0 0 729 0 0 0 0 0 0 0 0 0 0 0 0 
13029 35288 563 1733.37 0 0 0 0 0 0 0 0 0 0 0 0 0 624 501 0 0 0 0 0 0 0 0 0 0 0 0 0 0 0 0 0 
13030 36085 191 645.403 0 0 0 0 0 0 0 0 0 0 0 0 0 0 0 704 0 0 0 0 0 0 0 0 0 0 0 0 0 0 0 1264 
13030 36519 625 1934.62 0 0 0 1204 0 0 0 0 0 422 265 0 0 0 0 0 0 981 0 0 0 901 0 0 0 0 0 0 0 0 0 0 
13031 37849 1018 3226.16 0 0 0 0 0 0 0 0 0 0 0 0 0 0 0 0 2346 0 2204 0 0 634 0 2543 0 0 0 0 0 0 0 0 
13033 39223 73 218.262 0 0 0 0 0 0 0 0 0 0 0 0 0 0 0 0 0 556 0 0 0 573 0 0 0 0 0 0 0 0 0 0 
13033 40121 971 2919.97 0 0 0 0 0 0 0 0 0 0 0 0 0 0 0 0 0 0 0 0 0 0 0 0 0 0 0 0 638 615 0 0 
13034 40490 139 417.627 0 2168 0 0 0 0 0 0 3773 1015 0 0 0 0 0 0 0 0 0 0 0 0 0 0 0 0 0 0 3937 1464 0 287 
13035 41643 159 512.893 0 0 0 0 0 0 0 0 0 0 0 0 0 0 0 0 0 0 3107 0 1149 0 0 0 3749 2694 0 2647 0 0 0 0 
13036 42762 73 232.655 0 0 0 0 0 0 0 0 0 0 0 0 0 0 0 0 0 0 0 0 0 0 0 0 0 0 0 0 0 0 501 613 
13036 43404 715 2162.79 0 0 0 0 0 0 0 0 0 0 0 0 0 0 0 515 0 0 0 0 0 0 0 0 0 0 0 617 0 0 0 0 
13039 46950 644 1937.24 0 0 0 0 0 709 0 0 0 0 1086 0 0 0 0 0 0 0 0 0 0 0 0 0 0 0 0 0 0 0 0 0 
13040 47875 357 1001.83 0 0 555 0 0 0 0 0 0 0 0 0 0 0 608 0 0 0 0 0 0 0 0 0 0 0 0 0 0 0 0 0 
13041 49200 459 1465.79 0 0 0 0 0 0 0 0 0 799 0 0 0 0 0 0 0 1260 0 0 771 0 0 0 0 0 0 0 0 0 0 0 
13042 50191 285 867.171 0 0 0 0 0 0 0 0 0 0 0 0 0 3852 4041 0 0 0 2103 0 0 2133 0 0 0 0 0 0 0 0 0 0 
13042 50972 1066 3274.19 0 0 2226 0 0 0 0 1840 0 0 0 0 0 0 0 0 0 0 1862 0 0 4037 0 0 0 0 0 0 0 0 0 0 
13043 51493 422 1276.18 0 0 0 1148 0 0 0 0 0 0 2198 0 0 0 0 0 1598 0 0 0 0 0 0 927 0 0 0 0 0 0 0 0 
13043 52202 1131 3347.77 0 2364 0 0 0 0 0 276 3873 1058 0 0 0 0 0 0 0 1004 0 0 0 763 0 0 0 0 0 0 0 0 0 0 
13044 53169 882 2673.72 0 0 0 0 0 0 0 0 0 0 0 598 0 0 543 0 0 0 0 0 0 0 0 0 0 0 0 0 0 0 0 0 
13045 54391 922 2710.01 0 0 0 0 1076 0 0 0 925 0 0 0 0 0 0 0 0 0 691 0 561 0 0 0 0 0 0 0 0 0 0 0 
13046 55175 505 1415.37 0 1414 0 0 0 0 0 0 1187 0 0 0 0 0 0 0 0 0 0 0 0 0 0 0 0 0 0 0 0 0 3865 3865 
13047 56793 918 2760.79 0 0 0 0 0 0 0 0 0 0 0 0 0 0 0 1755 0 1784 0 3296 0 1460 0 0 0 0 0 0 0 0 0 0 
13048 57979 885 2739.59 0 0 0 0 0 0 0 0 0 0 0 0 0 0 0 837 0 0 0 0 0 0 0 0 0 0 0 0 0 0 636 0 
13050 60313 837 2569.84 0 0 0 0 0 0 0 0 554 521 0 0 0 0 0 0 0 0 0 0 0 0 0 0 0 0 0 0 0 0 0 0 
13051 60930 261 755.595 0 0 0 1087 0 0 0 0 0 0 0 1126 0 0 0 0 0 0 0 0 0 0 0 0 0 0 0 3905 0 0 0 0 
13051 61670 1001 3100.3 0 0 0 0 0 0 0 0 0 0 0 0 0 0 0 0 0 1782 0 0 1291 0 0 0 0 0 721 2240 0 0 0 0 
13052 62053 234 725.517 0 0 0 0 0 0 0 0 0 0 0 0 0 0 708 0 0 0 0 0 0 0 0 0 0 0 0 0 0 0 0 531 
13052 62093 274 854.744 0 0 0 0 0 0 0 0 0 0 0 0 554 0 0 0 0 0 0 0 0 0 644 0 0 0 0 0 0 0 0 0 
13052 62851 1032 3236.75 1087 0 0 0 0 0 0 0 0 0 0 1184 0 0 0 0 0 0 0 0 0 0 0 0 0 0 2929 3469 0 0 0 0 
13066 64312 1 430.882 561 473 1215 982 2533 881 0 2744 1501 1151 1241 975 678 1098 1526 2721 278 944 605 1365 1873 1744 1092 1051 3322 628 1464 1059 885 1602 2055 3691 
13066 64520 209 1058.09 524 0 0 0 0 0 0 0 505 0 0 0 0 0 0 0 0 0 0 0 0 0 0 0 0 0 0 0 0 0 0 0 
13067 65481 120 335.619 0 0 0 0 0 0 0 0 0 0 0 0 0 0 0 557 0 0 0 567 0 0 0 0 0 0 0 0 0 0 0 0 
13067 65953 592 1706.02 0 0 0 0 0 0 0 0 0 0 0 0 0 682 656 0 0 0 0 0 0 0 0 0 0 0 0 0 0 0 0 0 
13072 69771 214 650.937 0 0 0 0 0 0 0 0 0 0 0 0 0 0 0 518 0 0 0 0 0 0 0 0 0 0 0 0 0 0 0 801 
13076 71422 637 1867.25 0 930 381 0 0 0 0 0 1179 0 0 0 0 0 0 0 0 2181 0 0 0 823 0 0 0 0 0 0 0 0 0 0 
13077 72566 558 1894.73 0 0 0 0 0 0 0 0 0 0 0 0 0 502 595 0 0 0 0 0 0 0 0 0 0 0 0 0 0 0 0 0 
13078 73318 186 536.205 0 0 1403 0 0 0 0 1571 0 0 0 0 0 0 0 4038 0 0 0 4028 0 0 0 0 0 0 0 0 0 0 0 0 
13078 74025 893 2636.23 0 0 0 0 1822 0 0 0 0 531 0 0 4004 289 0 0 0 0 0 0 0 0 1968 0 0 0 0 0 0 0 0 0 
13078 74148 1016 3017.07 0 0 0 0 0 1430 0 0 0 0 1054 0 0 0 0 0 0 0 485 0 1352 0 0 0 0 0 0 0 0 0 0 0 
13079 74468 126 351.039 0 0 501 0 0 0 0 0 0 0 0 0 0 0 0 0 0 0 0 601 0 0 0 0 0 0 0 0 0 0 0 0 
13082 79067 1098 3226.47 0 0 0 0 0 0 0 0 0 0 0 0 0 0 0 0 0 0 0 0 0 0 0 0 0 0 0 0 872 0 0 628 
13084 80501 123 363.005 0 0 0 0 0 0 0 0 0 0 0 0 0 1016 710 0 0 0 0 0 0 0 0 0 0 0 0 0 0 0 0 0 
13084 81359 981 2993.19 0 0 0 0 0 0 0 0 0 0 0 0 0 0 0 510 0 0 0 510 0 0 0 0 0 0 0 0 0 0 0 0 
13084 81463 1085 3322.79 0 0 0 0 0 0 0 0 0 0 0 0 0 0 0 0 0 0 0 0 0 0 0 0 0 0 0 0 0 0 824 884 
13085 81704 149 457.067 0 0 0 0 0 0 0 0 0 0 0 0 0 0 0 0 0 1760 0 0 0 901 0 0 0 0 0 0 3955 3955 0 0 
13085 82225 670 2071.3 0 0 0 0 0 0 0 0 0 0 0 0 0 0 0 0 0 0 1371 0 1035 0 195 0 1312 2401 0 0 0 0 0 0 
13086 83350 598 1863.35 0 0 0 0 0 0 0 0 0 0 0 0 0 0 0 0 0 1163 0 0 706 0 0 0 2841 3576 0 0 0 0 0 0 
13087 84659 711 2170.75 0 0 0 0 0 0 0 0 0 0 0 0 0 2080 2591 0 4014 0 0 0 0 0 0 4023 0 0 0 0 0 0 0 0 
13088 85553 412 1249.21 0 961 0 0 0 0 0 0 0 0 1479 0 0 0 0 0 0 0 0 0 0 0 0 0 0 0 0 0 2697 2368 0 0 
13088 85621 480 1425.6 0 0 0 0 0 0 0 0 0 0 0 0 0 0 0 0 0 0 0 0 0 0 0 0 0 0 0 0 0 0 600 515 
13089 87066 714 2260.49 0 1631 0 0 0 0 0 0 0 1496 0 0 0 0 0 0 0 0 0 0 0 0 0 0 0 0 2598 3881 0 0 0 0 
13090 87516 8 31.1644 0 0 0 0 0 0 0 0 0 0 0 0 0 0 0 0 1674 0 551 0 0 722 0 2213 0 0 0 0 0 0 0 0 
13090 88002 494 1413.9 0 0 0 0 0 0 0 0 0 0 0 0 2555 0 0 236 0 3952 0 359 0 3952 2286 0 0 0 0 0 0 657 0 1232 
13091 88845 126 349.737 0 0 0 0 0 0 0 0 0 0 0 0 0 0 0 0 0 0 0 0 0 0 0 0 0 0 0 0 0 0 665 632 
13091 89368 649 1895.57 0 0 0 0 0 0 0 0 0 0 0 0 0 835 583 0 0 0 0 0 0 0 0 0 0 0 0 0 0 0 0 0 
13092 90349 409 1109.56 0 0 0 0 0 0 0 0 0 0 0 640 0 0 0 0 0 1287 0 0 0 1142 0 0 0 0 0 0 0 0 0 0 
13092 90990 1050 2991.78 0 0 0 0 3997 0 0 212 0 0 0 0 0 0 0 0 3987 0 0 0 0 0 0 3987 0 0 0 0 0 0 0 0 
13092 91037 1097 3124.81 0 0 0 0 0 0 0 0 0 0 0 0 0 0 0 0 0 0 482 0 897 0 0 0 0 0 0 0 1823 0 0 351 
13093 91553 239 1013.16 0 0 0 0 0 0 0 0 0 0 0 0 0 0 0 0 3928 0 926 0 0 568 0 3928 0 0 0 0 0 0 238 0 
13093 91725 411 1506.91 0 0 0 0 0 0 0 0 0 0 0 0 0 0 0 0 0 0 0 0 0 0 0 0 0 0 1378 3902 2204 1159 0 0 
13093 91845 1 1847.92 553 601 1484 1011 2615 1000 0 3430 1233 1113 1825 1088 710 1144 1688 2871 292 863 861 1253 1702 1823 1083 807 3888 600 1035 1322 658 1409 2185 3651 
13093 91847 1 1853.56 419 456 1014 936 1648 779 0 1817 1223 965 1230 1059 656 888 1409 2251 342 1143 1159 1066 1401 1775 1049 860 3823 255 1260 1140 1130 1513 2295 3886 
13094 92326 478 1374.74 0 0 0 999 0 0 0 0 0 0 0 1388 0 0 0 0 0 0 0 0 0 0 0 0 0 0 0 4088 0 0 0 0 
13094 92910 1062 3150.85 3670 0 0 0 0 0 0 0 321 1119 0 0 0 0 0 0 0 0 0 0 0 0 0 0 0 0 1495 4008 0 0 0 0 
13095 93280 228 681.348 0 0 0 0 0 0 520 0 0 0 0 0 0 0 0 0 0 0 0 511 0 0 0 0 0 0 0 0 0 0 0 0 
13095 94228 1176 3510.19 0 449 3958 484 0 0 0 3958 1503 0 0 0 0 0 0 1945 0 0 0 1948 0 0 0 0 0 0 0 0 0 0 0 0 
13100 94380 116 321.097 0 969 0 0 0 0 0 0 0 0 771 0 0 0 0 0 0 0 0 0 0 0 0 0 0 0 0 0 3901 2581 0 0 
13100 95087 823 2319.82 0 0 0 0 0 0 0 0 0 0 0 0 717 0 0 0 0 0 0 0 0 0 0 0 0 0 0 0 0 0 506 0 
13100 95396 1132 3256.72 2070 0 0 0 0 0 729 0 0 0 0 0 0 0 0 234 0 2077 0 2679 0 603 0 0 0 0 0 0 0 0 0 144 
13100 95513 1249 3591.12 0 0 0 0 0 0 0 0 0 0 0 0 0 0 0 0 0 0 0 0 0 0 0 0 0 0 0 0 0 0 705 946 
13101 95607 90 269.899 0 0 0 0 0 0 513 0 0 0 0 0 0 300 573 0 0 0 0 0 0 0 0 0 0 0 0 0 0 0 0 0 
13101 96212 695 2075.51 0 0 0 0 0 0 0 0 0 0 0 0 0 0 0 585 0 0 0 0 0 0 0 0 0 0 0 0 0 0 0 505 
13101 96689 1172 3381.92 0 0 0 0 0 0 0 0 0 0 0 0 0 3869 0 0 0 0 1000 0 0 1222 3860 0 0 0 0 0 0 0 0 0 
13102 96983 214 615.32 0 0 0 0 0 0 0 0 0 0 0 0 554 0 0 0 0 0 0 0 0 0 0 0 0 0 0 696 0 0 0 0 
13103 99203 1156 3305.69 0 0 0 0 0 0 0 0 0 0 0 0 575 0 0 0 0 0 0 882 0 0 0 0 0 0 0 0 0 0 0 0 
13104 100108 809 2403.1 0 0 0 0 0 0 0 0 0 0 0 658 0 0 0 0 0 640 0 0 0 0 0 0 0 0 0 0 0 0 0 0 
13104 100284 985 2958.93 0 0 0 0 0 0 0 0 0 0 0 0 510 0 0 0 0 0 0 0 0 0 0 0 0 0 0 0 0 0 617 145 
13105 100861 357 1015.78 0 0 0 0 0 0 0 0 0 0 0 0 0 0 0 247 0 847 0 3971 0 725 0 0 0 0 0 0 0 0 155 227 
13105 101205 701 2005.22 0 0 0 0 0 0 834 0 0 0 0 0 0 0 0 0 1704 0 0 0 0 0 0 213 0 0 0 0 0 0 0 0 
13105 101499 995 2893.48 283 0 0 0 0 0 0 0 0 930 0 0 0 0 0 0 0 0 0 0 0 0 0 0 0 0 0 0 1388 4089 0 0 
13106 102752 1001 2813 0 0 0 0 0 1235 0 0 0 0 2023 0 0 0 0 1260 0 0 0 1463 0 0 0 0 0 0 0 0 0 0 0 0 
13107 103284 252 725.068 265 1241 0 0 0 0 0 0 0 0 1319 0 0 0 0 0 0 0 0 0 0 0 0 0 0 0 2878 3651 0 0 0 0 
13107 103606 574 1634.19 0 0 0 0 0 0 0 0 539 519 0 0 0 0 0 0 0 0 0 0 0 0 0 0 0 0 0 0 0 0 0 0 
13108 104534 202 589.146 0 0 0 0 0 0 0 0 0 0 0 0 0 0 0 602 0 0 0 1161 0 0 0 0 0 0 0 0 0 0 0 0 
13108 104763 431 1257.59 0 0 0 1253 0 0 0 0 0 0 0 1101 0 0 0 0 0 0 789 0 1127 0 0 0 0 0 0 0 0 0 0 0 
13108 105321 989 2873.16 0 0 845 0 0 0 0 0 0 0 1438 0 0 0 0 0 0 0 0 0 0 0 0 0 0 0 3153 3671 0 0 0 0 
13109 106464 896 2435.91 0 0 0 0 0 0 0 0 0 0 0 0 3921 0 0 0 0 0 1300 0 1080 0 3912 0 0 0 0 0 0 0 0 0 
13109 106622 1054 2811.67 0 2195 0 0 0 0 0 220 0 0 0 0 0 0 0 4015 0 0 0 4006 0 0 0 0 0 0 0 0 0 0 0 0 
13110 108146 1228 3514.48 0 0 0 0 0 0 0 0 0 0 0 0 0 0 0 554 0 0 0 0 0 0 0 0 0 0 0 0 0 0 731 0 
13111 109241 1064 2941.83 0 0 0 668 360 451 0 3915 440 0 0 0 0 0 0 0 0 0 1234 0 0 475 0 0 0 0 0 0 0 0 0 0 
13112 110001 528 1492.43 0 0 2715 0 0 0 0 3102 0 0 0 0 0 0 0 3911 0 0 0 3902 0 0 0 0 0 0 0 0 0 0 0 0 
13113 111758 1042 2983.3 0 0 0 0 0 0 0 0 534 0 0 0 0 0 0 0 0 0 0 0 0 0 0 0 0 0 0 0 0 0 510 0 
13114 112598 614 1890.23 0 0 0 0 0 0 0 0 0 0 0 0 0 588 534 0 0 0 0 0 0 0 0 0 0 0 0 0 0 0 0 0 
13114 112706 722 2200.75 0 0 0 0 604 0 0 0 0 607 0 0 0 0 0 0 0 0 0 0 0 0 0 0 0 0 0 0 0 0 0 0 
13117 115042 157 588.126 0 0 0 0 0 0 506 0 0 0 0 0 0 0 0 0 0 0 0 0 0 0 0 0 0 0 0 593 0 0 0 0 
13117 115088 203 732.846 0 0 739 0 0 0 0 0 0 0 0 0 0 0 0 0 0 0 0 0 0 0 0 0 0 0 0 584 0 0 0 0 
13117 115525 640 1972.38 0 1225 0 0 0 0 0 1878 0 0 0 0 0 0 0 0 0 0 2154 0 1731 1048 0 0 0 0 0 0 0 0 0 0 
13117 115680 795 2394.7 0 0 0 0 0 0 1960 0 0 0 0 0 0 0 0 0 0 1619 0 243 1148 0 0 0 0 0 0 0 0 0 0 0 
13117 115920 1035 3056.33 0 0 0 2231 0 0 0 0 425 0 0 0 0 0 0 0 3930 0 0 0 0 0 0 3930 0 0 0 0 0 0 0 0 
13118 116194 73 218.522 0 0 0 0 0 0 0 0 0 0 0 0 0 511 516 0 0 0 0 0 0 0 0 0 0 0 0 0 0 0 0 0 
13118 116517 396 1145.87 0 264 1123 0 0 0 0 0 0 1103 0 0 0 0 0 0 0 0 0 0 0 0 0 0 0 0 0 0 3285 215 0 3260 
13119 117776 425 1227.89 0 0 0 0 0 0 0 0 0 0 0 0 0 0 580 0 0 742 0 0 0 0 0 0 0 0 0 0 0 0 0 0 
13119 118215 864 2528.83 0 0 0 0 0 0 0 0 0 0 904 0 0 0 0 0 0 1510 0 0 0 1054 0 0 0 0 0 0 0 0 0 0 
13119 118395 1044 3021.46 0 0 0 1426 0 0 0 0 0 905 0 0 0 0 0 0 0 0 689 0 597 0 0 0 0 0 0 0 0 0 0 0 
13120 118932 330 1001.89 0 0 0 0 0 0 602 0 0 0 0 0 0 0 770 0 0 0 0 0 0 0 0 0 0 0 0 0 0 0 0 0 
13120 119595 2 2924.1 525 631 1083 1061 1871 701 0 4004 1698 1208 1607 1371 687 917 1987 2624 145 0 0 0 0 0 0 0 0 0 0 0 0 0 0 0 
13120 119596 3 2924.52 0 0 0 0 0 0 0 0 0 0 0 0 0 0 0 0 403 720 805 1359 1677 1502 932 675 3528 515 1553 1199 792 1365 2625 3521 
13121 120230 633 1813.37 0 0 0 0 0 0 0 0 0 0 0 0 0 0 0 0 0 917 0 0 0 556 0 0 0 0 0 0 0 0 0 1744 
13121 120681 1084 3064.6 0 0 0 0 0 0 0 0 803 0 0 0 0 0 0 0 0 2039 0 0 785 0 0 0 0 0 0 0 3856 0 0 3856 
13121 120743 1146 3235.75 0 0 0 0 0 0 0 0 0 0 0 0 706 0 0 0 0 0 0 0 0 0 612 0 0 0 0 0 0 0 0 0 
13125 122581 168 490.146 1805 0 0 0 0 0 0 0 1093 0 0 0 0 0 0 0 0 0 0 0 0 0 0 0 0 0 0 0 0 0 0 0 
13125 123312 899 2539.79 0 942 0 0 0 0 0 0 0 1014 0 0 0 0 0 0 0 0 0 0 0 0 0 0 0 0 0 0 2023 3108 0 0 
13126 124190 534 1499.99 0 0 0 0 0 0 0 0 0 0 0 0 0 0 758 0 979 0 0 0 0 0 0 0 0 0 0 0 0 0 0 0 
13126 124434 778 2200.11 0 0 0 0 0 0 0 0 0 0 0 0 0 0 0 626 0 0 0 516 0 0 0 0 0 0 0 0 0 0 0 0 
13127 125070 128 351.361 0 0 0 0 0 0 0 0 0 0 0 0 0 0 0 0 3883 0 761 145 0 943 0 3883 0 0 0 0 0 0 0 0 
13127 125332 390 1073.21 0 0 0 0 0 0 0 0 0 0 0 0 773 0 0 0 0 0 0 0 0 0 658 0 0 0 0 0 0 0 0 0 
13128 127343 1117 3146.09 0 0 0 0 704 0 0 0 1589 0 0 0 0 0 0 0 0 0 0 0 0 0 0 0 0 0 0 0 0 0 2191 1872 
13128 127464 1238 3534.11 0 0 971 628 0 0 0 876 0 0 0 0 0 0 0 0 0 755 0 0 0 929 0 0 0 0 0 0 0 0 0 0 
13128 127472 1246 3560.48 0 0 0 0 0 0 0 0 0 0 0 0 0 0 0 0 0 0 0 0 0 0 0 0 722 1362 0 0 0 0 0 0 
13130 129375 585 1707.67 0 0 0 0 1247 0 0 0 0 0 0 1277 0 0 0 0 0 3576 0 0 3412 0 0 0 358 221 0 0 0 0 0 0 
13131 130379 297 869.483 0 0 0 0 0 0 0 0 0 0 0 0 0 507 646 0 0 0 0 0 0 0 0 0 0 0 0 0 0 0 0 0 
13133 133420 827 2442.86 0 0 0 0 0 0 0 0 0 0 0 0 0 0 0 552 0 0 0 764 0 0 0 0 0 0 0 0 0 0 0 0 
13135 135378 314 935.666 0 0 0 0 0 0 0 0 0 0 0 0 0 0 0 0 0 0 0 0 0 0 0 0 0 0 0 0 0 0 516 501 
13135 135503 439 1279.42 0 0 0 0 0 2193 0 0 0 1186 0 0 0 0 0 0 0 0 1486 0 0 904 0 0 0 0 0 0 0 0 0 0 
13136 136666 324 939.894 0 0 0 0 0 0 0 0 0 0 0 0 0 0 0 515 0 0 0 0 0 0 0 0 0 0 0 0 0 0 585 0 
13136 137047 705 2000.13 0 0 0 0 0 0 0 0 0 0 0 0 0 0 0 0 0 0 0 0 0 0 0 0 2435 2252 0 0 0 0 0 0 
13136 137141 799 2281.78 0 0 0 0 732 0 0 0 0 0 0 2366 0 0 0 0 0 0 714 0 686 0 0 0 395 0 0 0 0 0 0 0 
13148 137973 352 999.624 0 0 0 0 874 0 0 0 0 1461 0 0 308 3856 0 0 0 0 0 0 0 0 0 0 0 0 0 0 0 0 0 0 
13148 138344 723 2049.49 0 3989 0 0 0 0 0 0 0 0 3989 593 0 0 0 0 0 0 1481 0 1057 0 0 0 0 0 0 0 0 0 0 0 
13149 139513 622 1799.2 0 0 0 0 0 0 0 0 0 0 0 0 0 0 0 0 0 0 4069 0 3419 0 0 0 4069 4069 0 135 0 0 0 0 
13149 139848 957 2723.85 0 0 940 0 0 0 0 0 0 0 1268 0 0 0 0 0 0 0 0 0 0 0 0 0 1585 0 0 3986 0 0 0 0 
13155 141456 119 356.077 0 0 0 0 0 0 0 0 0 0 0 0 0 0 0 0 0 1512 0 0 1191 0 0 0 0 0 2301 4027 0 0 0 0 
13155 141536 199 599.35 0 0 0 0 0 0 0 0 0 0 0 0 0 0 0 647 0 0 0 767 0 0 0 0 0 0 0 0 0 0 0 0 
13155 142264 927 2704.76 0 0 0 0 0 0 0 0 0 0 0 0 0 0 0 0 0 2814 0 0 2675 0 0 0 0 0 0 0 3975 3714 0 0 
13155 142503 1166 3413.37 0 0 0 0 0 646 0 0 0 0 0 977 0 0 0 0 0 0 722 0 597 0 0 0 0 0 0 0 0 0 0 0 
13191 146320 26 89.6048 0 0 0 0 0 0 0 0 0 0 0 0 0 0 0 0 0 1103 0 0 1398 0 0 0 0 0 3645 447 0 0 0 0 
13191 146990 696 1893.65 0 1031 0 0 0 0 0 0 0 2385 0 0 0 0 0 0 0 0 824 0 0 908 0 0 0 0 0 0 0 0 0 0 
13194 150207 68 187.918 0 0 0 0 0 0 0 0 0 0 0 0 0 0 0 0 0 0 0 0 0 0 0 0 0 0 0 0 0 0 834 691 
13194 150719 580 1670.02 0 0 0 0 0 0 0 0 0 0 0 0 0 0 0 542 0 0 0 538 0 0 0 0 0 0 0 0 0 0 0 0 
13194 151068 929 2658.94 0 0 0 0 0 2028 0 964 0 0 0 0 0 0 0 0 1608 0 0 0 0 0 0 0 0 0 0 0 0 0 0 0 
13194 151316 1177 3325.53 0 0 0 0 0 0 0 0 0 0 0 0 0 2904 3988 0 3975 0 0 0 0 0 0 0 0 0 0 0 0 0 0 0 
13197 154075 121 310.601 0 0 0 0 0 0 0 0 0 0 0 0 0 0 512 0 0 0 0 0 0 0 0 0 0 0 0 0 0 0 699 0 
13197 154215 261 708.985 0 0 920 0 0 0 1825 0 0 0 0 0 0 0 0 3861 0 0 0 201 0 0 0 0 0 0 0 0 0 0 0 0 
13197 154452 498 1404.49 0 0 2342 0 0 0 0 0 0 1055 0 0 0 0 0 0 0 1976 0 0 2597 0 0 0 0 0 0 0 0 0 0 0 
13197 154928 974 2734.86 0 832 0 0 0 0 0 0 1128 0 0 0 0 0 0 0 0 0 0 0 0 0 0 0 0 0 0 0 0 0 1873 1940 
13198 156129 872 2561.22 0 0 0 0 0 0 0 0 0 0 0 0 0 703 864 0 0 0 0 0 0 0 0 0 0 0 0 0 0 0 0 0 
13198 156466 1209 3504.43 0 0 0 0 0 0 0 0 0 0 0 0 0 0 0 0 0 1941 0 0 3206 0 0 0 0 0 0 0 1844 1505 0 0 
13199 156946 445 1213.45 0 0 0 0 0 0 0 1284 0 0 0 0 0 0 0 3900 0 0 0 3887 0 0 0 0 0 0 0 0 0 0 0 0 
13199 157070 569 1552.66 0 0 0 0 0 0 0 0 0 0 0 0 0 0 0 4028 0 4015 0 4015 0 4015 0 0 0 0 0 0 0 0 0 0 
13199 157536 1035 2891.17 0 0 0 0 0 0 0 0 0 0 0 0 0 0 0 594 0 0 0 589 0 0 0 0 0 0 0 0 0 0 0 0 
13199 157626 1125 3113.17 0 0 0 0 0 0 0 0 0 0 0 0 687 0 0 0 0 0 0 0 0 0 978 0 0 0 0 0 0 0 0 0 
13199 157687 1186 3305.46 0 0 1060 1070 1122 0 0 0 0 0 0 2375 1196 0 0 0 0 0 0 0 0 0 1530 0 3902 3902 124 387 0 0 0 0 
13199 157732 1231 3443.42 0 0 0 0 0 0 0 519 0 0 0 0 0 0 0 0 0 0 0 0 0 0 0 0 0 0 0 0 0 0 0 536 
13200 158092 302 797.206 0 0 0 758 0 0 0 0 0 933 0 0 0 0 0 0 0 1162 0 0 0 667 0 0 0 0 0 0 0 0 0 0 
13200 158804 1014 2898.13 0 0 0 0 0 0 0 0 0 0 0 586 320 0 0 0 0 0 0 0 0 0 0 0 4045 4045 0 0 0 0 0 0 
13201 159212 182 526.365 0 0 0 0 0 0 0 0 0 0 0 0 0 0 0 563 0 752 0 0 0 0 0 0 0 0 0 0 0 0 0 0 
13201 159445 415 1187.5 0 655 0 0 0 0 0 0 0 2256 0 0 0 0 0 0 0 0 748 0 1427 0 0 0 0 0 0 0 0 0 0 0 
13201 159667 637 1892.15 1287 0 0 0 0 0 0 0 1905 0 0 0 0 0 0 0 0 0 0 0 0 0 0 0 0 0 1352 2819 0 0 0 0 
13202 161155 900 2716.8 0 0 0 0 0 1314 0 1594 367 0 0 0 0 3975 296 0 2918 0 0 0 0 0 0 2487 0 0 0 0 0 0 0 0 
13203 162004 545 1549.34 0 0 0 0 0 0 523 0 0 0 0 0 0 0 0 0 0 0 0 0 0 0 0 0 0 0 0 0 0 0 0 550 
13203 162216 757 2131.36 0 0 0 0 0 0 0 0 0 0 0 0 0 0 0 0 0 0 0 0 0 0 0 0 0 0 0 0 0 0 542 583 
13203 162648 1189 3322.51 0 0 0 0 0 0 0 0 0 0 0 0 0 640 958 0 0 0 0 0 0 0 0 0 0 0 0 0 0 0 0 0 
13205 165081 1147 3343.85 0 0 0 0 0 0 0 0 0 0 0 0 0 0 0 0 0 0 0 0 0 0 0 0 0 0 0 0 518 0 0 800 
13207 167204 748 2099.25 0 0 0 0 0 0 0 0 0 0 0 0 0 0 0 0 0 0 3956 0 3956 0 0 0 3956 3956 0 178 0 0 0 0 
13208 168006 211 593.158 0 0 0 0 0 0 0 0 0 520 0 0 823 0 0 0 0 0 0 0 0 0 0 0 0 0 0 0 0 0 0 0 
13208 168286 491 1372.2 0 0 0 0 0 0 0 0 0 0 0 0 0 0 0 2544 0 1315 0 2008 0 869 0 0 0 0 0 0 0 0 0 0 
13209 169152 82 227.218 0 0 0 0 0 0 0 0 0 0 0 0 0 0 0 0 0 946 0 0 0 0 0 0 0 0 0 0 0 0 4024 4024 
13210 171506 1167 3354.42 0 0 0 0 0 0 0 0 0 0 0 0 551 0 0 0 0 0 0 0 0 0 555 0 0 0 0 0 0 0 0 0 
13212 172923 77 210.408 0 0 0 1443 0 0 0 0 0 0 0 2802 1798 0 0 0 0 0 0 0 0 0 1473 0 4033 4033 0 0 0 0 0 0 
13212 173756 910 2582.55 0 0 0 0 0 0 0 0 0 0 266 0 0 0 0 0 0 0 0 0 0 0 0 0 0 0 633 3956 0 153 0 0 
13213 174435 310 840.178 0 0 0 0 0 0 0 0 0 0 0 0 0 621 588 0 0 0 0 0 0 0 0 0 0 0 0 0 0 0 0 0 
13214 176055 684 1880.52 1340 1271 0 0 0 0 0 1160 0 0 0 0 0 0 0 0 0 0 0 0 0 0 0 0 0 0 0 0 0 0 3925 3925 
13214 176361 990 2733.38 0 1683 0 0 0 0 0 0 0 0 0 2703 0 0 0 0 0 0 0 0 0 0 0 0 0 0 0 0 1502 2787 0 0 
13215 177068 422 1183.16 0 0 511 0 0 0 0 0 0 0 0 528 0 0 0 0 0 0 0 0 0 0 0 0 0 0 0 0 0 0 0 0 
13215 177727 1081 3002.95 0 0 0 0 0 0 0 0 0 0 0 0 0 0 0 0 0 0 824 0 538 0 0 0 1356 2149 0 0 0 0 0 0 
13217 180097 930 2493.63 0 520 0 0 0 0 0 0 0 0 0 0 0 0 0 0 0 0 0 0 0 0 539 0 0 0 0 0 0 0 0 0 
13217 180488 1321 3564.87 0 0 0 0 0 0 0 0 0 0 0 0 680 0 0 0 0 0 0 0 0 0 0 0 0 0 0 570 0 0 0 0 
13218 181143 644 1757.71 0 0 0 0 0 0 0 0 0 0 0 0 0 2545 2586 0 3875 0 0 0 0 264 0 3875 0 0 0 0 0 0 0 0 
13219 182166 382 1077.89 0 0 0 0 0 0 0 0 0 0 0 0 0 0 0 0 0 0 0 0 0 0 0 0 0 0 0 0 0 0 515 527 
13220 183436 365 1058.77 0 825 0 0 0 0 0 1183 0 0 0 0 0 0 0 0 0 1341 0 0 0 1874 0 0 0 0 0 0 0 0 0 0 
13220 183532 461 1315.04 0 0 0 0 0 0 0 0 0 0 0 0 0 0 0 0 0 549 0 0 0 0 0 0 0 0 0 0 567 0 0 0 
13222 185738 166 494.608 0 0 0 0 0 0 0 0 0 0 0 0 572 0 0 0 0 0 0 0 0 0 665 0 0 0 0 0 0 0 0 0 
13222 186080 508 1499.75 0 0 0 0 0 0 0 0 0 0 0 0 0 0 0 0 0 821 0 0 818 0 0 0 0 0 816 3810 0 0 0 0 
13222 186609 1037 3048.25 0 0 0 0 0 0 0 0 0 0 678 0 0 0 0 0 0 541 0 0 0 0 0 0 0 0 0 0 0 0 0 0 
13223 187917 1135 3208.64 0 2089 0 0 0 0 0 596 0 0 0 0 0 0 0 3915 0 0 0 3902 0 0 0 0 0 0 0 0 0 0 0 0 
13224 188572 514 1456.2 3584 0 0 0 0 0 0 0 0 0 4015 1175 0 0 0 0 0 1231 2419 0 4002 0 0 0 4002 4002 900 4002 0 0 0 0 
13224 188953 895 2544.66 0 0 0 0 0 0 0 0 0 0 0 0 647 0 0 0 0 0 0 0 0 0 0 0 0 0 0 0 0 0 0 568 
13226 190672 84 234.189 0 0 0 0 0 0 0 0 0 0 0 0 0 0 0 0 0 3098 0 0 3474 0 0 0 0 0 0 0 3918 3521 0 0 
13226 190908 320 835.023 0 0 0 0 0 0 0 0 0 0 0 0 0 721 553 0 0 0 0 0 0 0 0 0 0 0 0 0 0 0 0 0 
13226 191458 870 2402.01 0 0 0 0 0 0 0 0 0 0 0 0 0 927 305 0 0 0 185 0 0 1400 0 0 0 0 0 0 0 0 0 0 
13228 193696 613 1700.9 0 0 0 0 0 0 0 0 0 0 0 0 0 0 0 0 0 0 0 0 0 0 0 0 0 0 0 0 0 0 1966 1177 
13229 194561 181 486.084 0 0 0 0 0 896 0 0 0 0 1261 0 3359 0 0 0 0 0 0 0 0 0 0 0 2036 1909 0 0 0 0 0 0 
13229 194566 186 492.574 0 0 0 0 0 0 0 0 0 0 0 0 0 0 0 0 0 1110 0 0 950 0 0 0 0 0 2152 4056 0 0 0 0 
13229 194612 232 627.835 0 0 1309 0 0 0 0 1025 0 0 0 0 0 0 0 2790 0 0 0 2979 0 0 0 0 0 0 0 0 0 0 0 0 
13229 194849 469 1398.97 1417 0 0 0 0 0 0 687 0 0 0 0 0 0 0 2206 0 0 0 2476 0 0 0 0 0 0 0 0 0 0 0 0 
13229 195161 781 2219.04 0 0 1311 0 0 0 0 1676 0 0 0 0 0 0 0 3752 0 0 0 3527 0 0 0 0 0 0 0 0 0 0 393 145 
13229 195332 952 2674.48 0 0 0 0 0 0 0 0 0 1604 0 0 0 0 0 0 0 1515 0 0 0 1048 0 0 0 0 0 0 0 0 0 0 
13229 195565 1185 3329.52 750 0 0 0 0 0 0 1183 0 0 0 0 0 0 0 0 0 0 1954 0 0 2111 0 0 0 0 0 1169 0 0 0 0 
13230 196480 817 2249.71 0 0 0 0 0 1834 0 0 0 0 1178 0 0 0 0 0 0 1253 0 0 0 1856 0 0 0 0 0 0 0 0 0 0 
13230 196651 988 2704.92 0 0 0 0 0 0 0 0 0 0 0 0 4000 1637 521 0 0 0 0 0 0 0 3987 0 3987 3987 0 0 0 0 0 0 
13231 197008 37 95.287 0 0 0 0 0 0 0 0 0 0 0 0 678 0 0 0 0 0 0 0 0 0 585 0 0 0 0 0 0 0 0 0 
13232 198838 555 1507.99 0 0 0 0 0 0 0 0 0 0 0 0 0 0 0 0 0 1244 0 0 955 0 0 0 0 0 985 2391 0 0 0 0 
13232 198969 686 1858.35 0 0 0 0 0 0 0 0 0 0 0 0 0 0 0 727 0 0 0 510 0 0 0 0 0 0 0 0 0 0 0 0 
13233 200043 463 1240.12 0 0 0 0 0 0 0 0 0 0 0 0 0 0 0 681 0 0 0 626 0 0 0 0 0 0 0 0 0 0 0 0 
13233 200068 488 1302.4 0 0 0 0 0 0 0 0 0 0 0 0 0 0 0 0 0 3290 0 0 3213 0 0 0 0 0 0 0 1281 1514 0 0 
13233 200700 1120 3124.98 0 0 0 0 0 0 0 547 0 0 0 0 0 0 0 0 0 0 0 0 0 0 0 0 0 0 0 0 0 0 528 0 
13233 200773 1193 3324.35 0 0 0 1059 0 0 0 423 0 0 0 0 0 0 0 0 0 2144 0 0 0 565 0 0 0 0 0 0 0 0 0 0 
13234 201500 620 1752.76 0 1172 735 0 0 0 0 1576 0 0 0 0 0 0 0 3938 0 0 0 3319 0 0 0 0 0 0 0 0 0 0 0 0 
13234 201641 761 2124.42 0 0 0 0 0 0 0 0 0 0 0 0 0 0 0 524 0 624 0 0 0 0 0 0 0 0 0 0 0 0 0 0 
13234 201954 1074 3062.13 0 0 0 0 0 0 0 0 0 0 0 0 0 0 0 0 0 0 0 0 0 0 0 0 0 0 0 0 0 0 984 823 
13234 202114 1234 3509.73 0 0 0 2130 0 0 1259 0 0 0 0 0 0 0 0 0 0 0 0 0 0 0 0 0 0 0 0 0 0 0 0 0 
13235 203274 1119 3193.89 0 0 0 0 0 0 0 0 0 0 0 0 0 0 0 0 0 1009 1640 0 2047 0 0 0 3915 3915 2315 3763 0 0 0 0 
13236 203819 411 1186.75 0 0 0 0 0 0 0 0 0 0 0 0 0 680 746 0 0 0 0 0 0 0 0 0 0 0 0 0 0 0 0 0 
13236 203871 463 1330.71 0 0 0 0 0 0 0 0 0 0 0 0 0 642 548 0 0 0 0 0 0 0 0 0 0 0 0 0 0 0 0 0 
13236 203976 568 1635.2 0 0 0 0 0 0 0 0 0 0 0 0 0 511 0 0 0 0 0 656 0 0 0 0 0 0 0 0 0 0 0 0 
13237 205497 846 2426.5 0 3971 459 0 0 0 0 0 1368 582 0 0 0 0 0 0 0 3958 0 0 3958 0 0 0 0 0 0 0 0 0 0 0 
13238 206367 448 1272.68 0 0 0 0 0 0 0 0 0 0 0 0 0 0 0 0 0 0 0 0 0 0 0 0 0 0 4095 4095 0 0 0 0 
13238 207209 1290 3573.83 0 0 0 0 0 0 4022 0 0 0 0 0 0 0 0 0 4009 0 3133 0 0 3312 0 4009 0 0 0 0 0 0 0 0 
13240 208989 470 1363.07 0 0 0 1316 0 0 349 1272 0 0 0 0 0 0 0 0 0 0 933 0 0 831 0 0 0 0 0 0 0 0 0 0 
13240 209721 1202 3469.24 0 0 0 0 0 0 0 0 0 0 0 0 0 4030 0 0 0 0 1217 0 0 1771 3141 0 0 0 0 0 0 0 0 0 
13240 209730 1211 3488.32 993 0 0 0 0 0 0 0 0 0 974 0 0 0 0 0 0 2726 0 0 2029 0 0 0 0 0 0 0 0 0 0 0 
13242 211307 241 670.164 0 0 0 0 0 0 0 0 0 0 0 0 0 706 597 0 0 0 0 0 0 0 0 0 0 0 0 0 0 0 0 0 
13242 211610 544 1556.12 0 0 1231 0 0 0 0 1064 0 0 0 0 0 0 0 0 3366 0 0 0 0 0 0 3890 0 0 0 0 0 0 0 0 
13243 212583 231 655.872 0 0 502 0 0 0 0 0 0 525 0 0 0 0 0 0 0 0 0 0 0 0 0 0 0 0 0 0 0 0 0 0 
13245 215052 181 513.83 0 1221 0 0 0 0 0 0 1521 0 0 0 0 0 0 0 0 0 1885 0 0 1108 0 0 0 0 0 0 0 0 0 0 
13245 215290 419 1189.48 1090 0 0 0 0 0 0 0 744 0 0 0 0 0 0 0 0 0 0 0 0 0 0 0 0 0 0 0 0 0 0 177 
13245 215685 814 2315.65 0 0 0 0 0 0 806 0 0 0 0 0 0 1312 2118 0 0 0 0 0 0 0 0 0 0 0 0 0 0 0 0 0 
13246 216310 163 460.748 790 386 0 0 0 0 0 0 0 0 3468 457 0 0 0 0 0 0 0 0 0 0 0 0 0 0 3976 3598 0 0 0 0 
13246 216558 411 1170.7 0 0 0 0 0 603 0 0 0 0 0 1037 0 0 0 0 0 0 0 0 0 0 0 0 768 3980 0 0 0 0 0 0 
13246 217365 1218 3376.4 0 0 0 0 0 0 0 0 0 0 0 1554 0 0 0 0 0 0 1180 0 0 1111 0 0 0 0 0 0 0 0 0 0 
13247 217508 57 159.949 0 773 0 0 0 0 0 0 0 0 0 943 0 0 0 0 0 0 0 0 0 0 0 0 0 0 2418 3424 0 0 0 0 
13247 218070 619 1772.76 0 0 0 0 0 0 0 0 0 0 0 0 0 0 0 0 0 0 0 0 0 0 0 0 0 0 1710 1739 0 262 0 0 
13248 220004 1270 3378.6 0 0 0 0 0 0 0 0 0 0 0 0 501 0 0 0 0 0 0 0 0 0 532 0 0 0 0 0 0 0 0 0 
13249 221225 1140 3150.35 0 0 0 0 0 0 0 0 0 0 0 0 0 0 0 0 0 0 0 0 0 0 0 0 2842 0 0 3849 0 0 0 0 
13250 222059 684 1871.38 0 0 0 0 0 0 0 0 0 0 0 0 571 0 0 0 0 175 0 0 0 0 318 0 0 1037 0 204 0 0 0 0 
13250 222216 841 2307.55 0 0 0 1481 0 0 0 1228 0 0 0 0 0 0 0 0 0 0 813 0 0 744 0 0 0 0 0 0 0 0 0 0 
13250 222537 1162 3194.61 0 0 0 0 0 888 0 0 0 0 0 2045 0 0 0 0 0 0 0 0 0 0 0 0 3743 3421 0 0 0 0 0 0 
13250 222655 1280 3506.08 0 0 0 0 0 0 0 0 0 0 0 0 0 0 0 770 0 0 0 519 0 0 0 0 0 0 0 0 0 0 0 0 
13251 223368 678 1775.2 0 0 0 0 0 0 0 0 0 0 0 0 0 0 548 0 0 0 0 534 0 0 0 0 0 0 0 0 0 0 0 0 
13251 223908 1218 3267.2 0 0 0 0 289 0 0 0 0 0 0 0 0 0 0 0 0 0 0 0 0 0 0 0 2052 3938 0 0 0 0 0 0 
13252 224702 674 1864.14 0 0 0 0 0 0 0 0 0 580 526 0 0 0 0 0 0 0 0 0 0 0 0 0 0 0 0 0 0 0 0 0 
13252 225307 1279 3585.59 0 0 0 0 0 0 0 0 0 0 0 0 0 0 0 3093 0 0 0 2739 0 0 0 0 0 0 0 0 0 0 2666 1899 
13253 225827 513 1385.53 0 0 0 0 0 0 877 0 0 0 0 0 0 0 0 4048 0 2597 0 4035 0 799 0 0 0 0 0 0 0 0 0 0 
13255 228746 806 2250.9 0 0 0 1415 0 0 0 0 0 1158 0 0 0 0 0 0 0 0 937 0 0 825 0 0 0 0 0 0 0 0 0 0 
13256 229462 230 631.48 0 510 0 0 0 0 0 0 0 0 0 0 0 0 0 0 0 0 0 0 0 0 0 0 0 0 0 0 0 0 0 503 
13256 229981 749 2074.06 0 0 0 0 0 0 0 0 0 0 0 0 0 0 0 0 0 0 0 0 0 0 0 0 0 0 568 1564 1822 1957 0 0 
13256 230165 933 2533.03 0 0 0 0 0 0 0 0 0 0 0 0 0 0 0 505 0 0 0 538 0 0 0 0 0 0 0 0 0 0 0 0 
13257 230622 114 332.588 0 0 0 0 0 0 0 0 0 0 0 0 597 0 0 0 0 0 0 0 0 0 0 0 0 0 0 724 0 0 0 0 
13257 230816 308 896.26 0 0 0 0 0 0 0 0 0 0 0 0 0 509 561 0 0 0 0 0 0 0 0 0 0 0 0 0 0 0 0 0 
13257 231673 1165 3312.4 0 0 0 0 0 591 0 0 0 1028 0 0 1211 0 0 0 0 0 0 0 0 0 3984 0 0 0 0 0 0 0 0 0 
13258 232656 881 2456.11 0 0 0 0 0 0 0 0 0 0 0 0 312 0 0 0 0 0 0 0 0 0 0 0 553 516 0 0 0 0 0 0 
13259 233905 826 2377.89 0 0 0 0 0 0 0 0 0 0 0 0 0 828 571 0 0 0 0 0 0 0 0 0 0 0 0 0 0 0 0 0 
13259 233952 873 2488.62 0 0 0 0 0 0 0 0 0 0 0 0 0 0 0 0 0 1448 0 0 0 553 0 0 0 0 0 0 3973 3700 0 1054 
13259 234036 957 2691.82 0 0 0 0 796 0 0 0 0 0 0 0 0 0 0 0 0 0 672 0 569 0 0 0 0 0 0 0 0 0 0 0 
13260 235061 722 2052.16 0 0 0 0 0 0 0 0 0 0 0 0 0 639 565 0 0 0 0 0 0 0 0 0 0 0 0 0 0 0 0 0 
13260 235237 898 2577 0 0 0 0 0 795 0 0 0 0 0 1024 0 0 0 0 0 0 0 0 0 0 3948 0 0 0 0 0 0 0 0 0 
13261 236339 753 1984.8 0 0 0 0 0 0 0 0 0 0 0 0 0 0 0 0 0 0 527 0 503 0 0 0 3854 3854 0 0 0 0 0 0 
13261 236379 793 2091.71 0 0 0 0 0 0 0 0 0 0 0 0 0 0 0 0 0 0 0 0 0 0 0 0 0 0 0 0 518 779 0 0 
13262 237463 514 1360.45 0 0 0 0 0 0 0 0 0 0 0 0 0 0 0 599 0 511 0 0 0 0 0 0 0 0 0 0 0 0 0 0 
13262 238163 1214 3247.75 0 0 0 0 0 0 0 0 0 0 0 0 0 0 0 0 0 381 0 0 0 0 0 0 0 0 0 0 577 1369 1287 4046 
13263 239197 905 2559.92 0 1037 0 0 0 0 0 0 2478 0 0 0 0 0 0 4032 0 0 0 4019 0 0 0 0 0 0 0 0 0 0 0 0 
13266 242678 482 1371.28 0 1581 0 0 0 0 0 0 0 0 1553 0 0 0 0 0 0 0 0 0 0 0 0 0 0 0 1634 0 3683 4065 0 0 
13266 243427 1231 3464.52 0 0 0 0 0 0 0 0 0 0 0 0 0 0 0 0 0 1135 0 0 1540 0 0 0 0 0 4072 4072 0 0 0 0 
13267 243582 111 309.868 0 0 0 0 0 0 1293 0 0 0 0 0 0 256 0 0 2817 0 683 0 1233 0 0 1401 0 0 0 0 0 0 0 0 
13268 244860 133 377.553 0 0 520 0 0 0 0 0 525 0 0 0 0 0 0 0 0 0 0 0 0 0 0 0 0 0 0 0 0 0 0 0 
13268 245574 847 2472.35 0 0 2183 0 0 0 0 0 1241 0 0 0 0 0 0 3420 0 0 0 3941 0 0 0 0 0 0 0 0 0 0 0 0 
13269 246810 834 2365.08 0 0 0 0 0 0 0 0 0 0 0 0 0 0 0 0 3964 1479 0 2028 0 850 0 3964 0 0 0 0 0 0 0 0 
13270 248267 1008 2828.72 910 0 0 0 0 0 0 0 0 0 0 2155 0 0 0 0 0 0 0 0 0 0 0 0 0 0 0 4019 0 0 0 0 
13270 248431 1172 3249.74 0 0 575 0 0 0 0 0 0 0 537 0 0 0 0 0 0 0 0 0 0 0 0 0 0 0 0 0 0 0 0 0 
13272 250772 961 2562.41 0 0 733 0 0 0 0 0 0 0 280 0 0 0 0 0 0 0 0 0 0 0 0 0 0 0 0 0 4033 2225 0 0 
13272 251025 1214 3292.2 0 0 0 0 0 0 0 0 0 0 0 0 0 0 0 0 2041 0 2244 0 0 1043 0 2352 0 0 0 0 0 0 0 0 
13274 252758 405 1200.91 0 0 1248 0 0 0 0 1104 0 0 0 0 0 0 0 0 4063 0 0 0 0 0 0 3931 0 0 0 0 0 0 0 0 
13274 253452 1099 3199.91 0 0 0 0 0 0 0 0 0 0 0 0 0 578 628 0 0 0 0 0 0 0 0 0 0 0 0 0 0 0 0 0 
13277 253741 133 367.925 0 0 0 0 0 0 0 0 0 0 0 0 0 4059 3179 0 1412 0 1533 0 0 1008 0 234 0 0 0 0 0 0 0 0 
13277 253921 313 852.32 0 0 0 0 0 0 0 0 0 0 0 0 0 0 0 0 0 0 0 0 0 0 0 0 0 0 0 0 0 0 519 608 
13277 254274 666 1837.92 0 0 0 0 0 0 0 0 0 0 0 0 587 0 0 0 0 0 0 0 0 0 0 0 0 0 0 0 0 0 639 0 
13278 255298 414 1204.3 0 0 0 0 0 0 0 0 0 0 0 0 1407 0 0 0 0 0 0 0 0 0 1694 0 3559 4001 0 0 0 0 0 0 
13278 255306 422 1223.4 0 0 3185 0 0 0 0 0 932 0 0 0 0 0 0 0 0 1079 0 0 0 0 0 0 0 0 0 0 0 0 0 0 
13278 255523 639 1817 0 0 0 0 0 0 0 0 0 0 0 0 0 313 0 0 4028 0 1723 0 0 1720 0 4028 0 0 0 0 0 0 0 0 
13280 257538 126 369.233 0 0 0 0 0 0 0 0 0 0 0 1464 0 0 0 0 0 0 0 0 0 0 0 0 0 0 4005 4029 0 0 0 0 
13281 259071 386 1076.43 0 0 0 0 1250 0 0 3077 0 0 0 0 0 0 0 0 0 1160 0 0 0 1397 0 0 0 0 0 0 0 0 0 0 
13281 259522 837 2311.85 0 0 0 0 0 0 0 0 0 0 0 0 847 0 0 0 0 0 0 0 0 0 629 0 0 0 0 0 0 0 0 0 
13282 260138 156 457.931 0 0 0 0 0 1408 0 0 0 0 1115 0 3961 0 0 0 0 0 0 0 0 0 3206 0 0 0 0 0 0 0 0 0 
13282 260223 241 667.595 0 0 0 0 0 0 0 0 0 0 0 0 0 516 0 0 0 0 0 0 0 0 0 0 0 0 0 0 0 0 568 0 
13282 260281 299 792.314 4070 929 0 0 0 0 0 0 1452 4070 0 0 0 0 0 0 0 326 0 0 0 0 0 0 0 0 0 0 307 2247 0 0 
13282 260807 825 2182.38 0 0 0 4048 0 0 0 1192 0 0 0 0 0 0 0 0 4035 0 0 0 0 0 0 4035 0 0 0 0 0 0 0 0 
13282 261046 1064 2802.78 0 0 0 0 0 0 0 0 0 0 0 0 0 0 0 0 0 1596 0 0 1336 0 0 0 0 0 642 1288 0 0 0 137 
13284 263058 397 1148.77 0 1599 0 0 0 0 0 0 3741 0 0 0 0 0 0 0 0 4052 0 0 1635 4052 0 0 0 0 0 0 0 0 0 0 
13284 263517 856 2460.72 0 0 1146 0 0 0 0 1675 0 0 0 0 0 0 0 0 3845 0 0 0 0 0 0 3845 0 0 0 0 0 0 0 0 
13284 263605 944 2694.58 0 0 0 0 0 0 0 0 0 0 0 0 0 0 0 0 0 0 874 0 1218 0 0 0 1910 2389 0 0 0 0 0 0 
13285 264451 545 1651.92 1265 0 0 0 1169 0 0 969 0 0 1154 0 0 0 0 0 0 1582 365 0 0 2735 0 0 0 0 0 0 0 0 3919 3919 
13286 265824 646 1740.16 0 0 0 0 0 0 0 0 0 0 0 0 0 0 0 0 0 1573 0 0 1605 0 0 0 2719 3333 0 0 0 0 0 0 
13286 266081 903 2485.35 0 0 0 0 0 0 0 0 0 0 0 0 0 0 0 0 4053 0 3484 0 0 2445 0 3839 0 0 0 0 0 0 0 0 
13306 266521 5 99.7041 581 485 848 979 2092 974 425 2910 1599 1415 1455 1093 711 1101 1547 2478 461 1023 763 1384 1822 1851 842 590 3430 411 1302 834 991 1258 2025 3868 
13306 266527 11 107.778 636 526 1190 1091 1498 860 473 2763 1901 1221 1452 1058 760 1254 1475 2065 225 855 666 1069 1168 1704 929 648 3055 479 1137 1006 617 1135 1904 3015 
13306 266532 16 126.859 430 498 1194 808 1651 612 403 2687 1362 891 1202 1128 512 865 1405 1863 572 709 1010 924 1683 1813 1053 676 3403 629 1410 1000 823 1141 2633 3197 
13306 266536 20 141.814 446 560 1198 758 1614 723 484 2748 1387 1078 1739 954 723 770 1489 2052 193 762 854 884 1448 1535 860 813 3392 518 1130 1137 830 1323 1573 3362 
13306 266539 23 147.245 390 534 993 827 2196 909 395 2855 1285 1125 1399 1206 608 887 1584 2282 465 840 792 1143 1412 2046 1113 615 3106 592 1357 880 834 1239 1975 3058 
13306 266550 34 161.106 615 711 1245 1125 2588 934 540 3636 1997 1188 1648 1229 717 1093 1675 2606 426 841 658 1406 1837 1874 1138 787 3742 599 1112 863 1002 1326 2422 3718 
13306 266556 40 175.446 556 473 1226 1029 1657 753 529 2220 1440 1230 1099 1073 719 939 1587 2032 258 878 466 854 1233 1486 912 562 3253 264 856 812 621 1099 1841 2422 
13306 266561 45 192.865 440 582 1181 780 2004 719 381 2521 1255 1193 1102 1049 713 1138 1502 1794 482 1034 1103 891 1506 1675 1056 728 2960 526 1402 1193 1137 1259 2076 3567 
13306 266564 48 202.5 539 654 1093 1235 1810 1174 339 2614 1504 1281 1070 934 737 833 1720 2228 139 974 620 1353 1327 1620 1088 759 2542 611 1113 850 1014 1134 1913 3329 
13306 266569 53 214.348 616 632 1262 973 1870 796 412 2478 1695 1233 1232 1157 641 1285 1361 2566 639 1053 923 981 1790 1851 890 623 3777 627 1553 870 675 1543 2336 3809 
13306 266573 57 222.681 460 500 1352 964 1912 680 430 3042 1410 1364 1428 1215 608 814 1414 1956 315 698 643 1069 1294 1255 975 725 2603 277 1113 1066 611 1236 1936 3263 
13306 267210 0 2107.1 347 530 1223 826 1620 661 344 2849 1578 1085 1124 1088 692 824 1372 1578 390 935 629 1074 1690 1964 960 952 3655 554 1228 993 1118 1168 2140 3231 
13306 267457 0 3011.32 496 389 896 1021 1660 703 399 3070 1684 1167 1857 1179 773 996 1581 2381 387 885 751 987 1714 1459 811 942 2774 471 1362 1016 859 1331 2000 3337 
13306 267458 1 3018.88 605 599 1147 1025 1820 898 410 2853 1808 1071 1095 1042 766 1099 1630 2360 526 820 668 1109 1270 1346 1098 987 3458 323 1063 1103 1072 1425 2242 3598 
13306 267732 2 3997.08 495 530 1359 1014 2570 951 507 2888 1663 1498 1573 1225 715 1237 1787 3080 480 1089 801 1066 1616 1661 1395 982 3469 518 1444 1171 919 1332 2479 3057 
13309 268042 168 503.916 0 0 882 0 0 0 0 0 0 1576 0 0 0 0 0 0 0 2852 0 0 932 933 0 0 0 0 0 0 0 0 0 0 
13309 268214 340 1010.45 0 0 0 1350 0 0 0 0 951 0 0 0 0 0 0 0 3310 0 0 0 0 0 0 3791 0 0 0 0 0 0 0 0 
13309 268274 400 1179 0 1271 0 0 0 0 0 2790 0 0 0 0 0 0 0 3861 0 0 0 3471 0 0 0 0 0 0 0 0 0 0 0 0 
13309 268535 661 1918.66 0 0 1298 0 0 0 0 0 0 0 1074 0 0 0 0 0 0 0 682 0 0 709 0 0 0 0 0 0 0 0 0 0 
13314 270238 1081 3083.26 0 0 0 0 0 0 0 0 0 0 0 0 0 0 0 1338 0 0 0 2301 0 0 0 0 0 0 0 0 0 0 4095 4095 
13315 270560 131 423.231 0 0 0 0 1346 0 0 0 0 0 1657 0 0 0 0 0 0 0 2730 0 2169 0 0 0 0 0 0 0 0 0 0 0 
13315 270821 392 1172.36 0 0 522 0 0 0 0 0 0 501 0 0 0 0 0 0 0 0 0 0 0 0 0 0 0 0 0 0 0 0 0 0 
13315 271474 1045 2989.72 0 0 0 0 0 0 0 0 0 0 0 0 0 693 0 0 0 0 550 0 0 0 0 0 0 0 0 0 0 0 0 0 
13316 271750 61 170.237 0 0 0 0 0 0 0 0 0 0 0 0 0 0 0 605 0 0 0 0 0 0 0 0 0 0 0 0 0 0 152 530 
13316 272665 976 2854.83 0 0 0 1580 0 0 0 0 0 0 0 1891 0 0 0 0 0 0 0 0 0 0 0 0 0 0 0 3936 0 0 0 0 
13317 273812 884 2500.76 0 1074 0 0 0 0 0 0 0 0 853 0 0 0 0 0 0 884 0 0 1046 0 0 0 0 0 3071 456 0 0 0 0 
13318 274886 733 2026.78 0 0 0 0 0 0 0 0 0 0 0 1123 0 0 0 0 0 175 3844 0 3983 0 0 0 0 0 3676 177 0 0 0 0 
13319 275782 323 922.617 0 0 0 0 1353 0 0 0 0 1017 0 0 0 0 0 0 0 0 1092 0 0 686 0 0 0 0 0 0 0 0 0 0 
13319 276209 750 2104 0 0 0 1272 0 0 0 0 0 0 843 0 0 0 0 0 0 0 1146 0 925 0 0 0 0 0 0 0 0 0 0 0 
13320 277291 547 1652.15 0 0 0 0 0 0 0 0 0 0 0 0 369 0 0 0 0 381 530 0 749 0 0 0 411 1145 0 2566 0 0 0 325 
13320 277878 1134 3221.65 0 0 0 0 0 0 0 0 0 0 0 0 0 533 550 0 0 0 0 0 0 0 0 0 0 0 0 0 0 0 0 0 
13321 278134 119 379.211 0 0 0 0 0 0 0 0 0 0 0 0 0 576 0 0 0 0 0 643 0 0 0 0 0 0 0 0 0 0 0 0 
13322 280407 1103 3052.48 0 0 0 0 1948 0 0 0 0 0 4019 0 0 0 0 0 0 0 0 0 0 0 0 4006 0 0 0 0 0 0 0 0 
13322 280465 1161 3223.6 0 0 0 0 0 0 0 0 0 0 0 0 0 0 531 0 0 0 0 0 0 0 0 0 0 0 0 520 0 0 0 0 
13323 280623 13 45.5821 0 0 0 0 0 0 0 0 0 0 0 0 2676 0 0 0 0 0 0 0 0 0 3175 0 1064 655 0 0 0 0 0 0 
13325 283449 314 889.018 0 0 0 0 0 0 0 0 0 0 0 0 518 0 0 0 0 0 0 0 0 0 560 0 0 0 0 0 0 0 0 0 
13326 284721 298 842.188 0 0 0 0 0 551 0 0 0 0 0 592 0 0 0 0 0 0 0 0 0 0 0 0 0 0 0 0 0 0 0 0 
13326 285651 1228 3474.87 0 0 0 0 0 1257 0 0 0 1310 0 0 0 0 0 0 2247 0 0 0 0 0 133 2161 0 0 0 0 0 0 0 0 
13327 286191 498 1279.71 0 0 0 0 0 0 0 0 0 0 0 0 0 0 0 0 0 0 0 0 0 0 0 0 0 0 0 0 0 0 621 553 
13328 287346 350 888.793 0 0 0 0 0 0 0 0 0 0 0 0 0 0 0 0 0 0 0 0 0 0 0 0 0 0 0 0 0 0 524 1206 
13328 287459 463 1254.54 0 0 0 0 0 0 0 0 0 0 0 0 0 587 589 0 0 0 0 0 0 0 0 0 0 0 0 0 0 0 0 0 
13329 288678 401 1152.47 0 0 0 0 0 0 0 0 0 0 0 0 0 1756 1983 0 0 0 1213 0 0 1182 0 0 0 0 0 0 0 0 0 0 
13329 289017 332 2168.34 0 0 0 0 0 0 0 0 0 655 0 0 0 0 0 0 0 0 0 0 0 0 0 0 0 0 0 0 0 0 519 0 
13329 289220 535 2742.41 0 0 0 0 1701 0 0 0 1379 0 0 0 0 0 0 0 0 1013 0 0 1150 0 0 0 0 0 0 0 0 0 0 0 
13329 289330 645 3043.08 0 0 0 0 0 0 0 0 0 595 602 0 0 0 0 0 0 0 0 0 0 0 0 0 0 0 0 0 0 0 0 0 
13330 289906 128 1103.84 0 3866 0 0 0 0 0 0 1135 0 0 0 0 0 0 0 0 0 0 0 0 0 0 0 0 0 0 0 0 0 266 4079 
13330 290180 2 1938.48 498 486 1172 822 1856 746 467 2683 1357 1218 1299 914 599 1012 1387 2148 250 703 907 803 1748 1511 1019 926 3398 675 1525 1078 1038 1354 2076 4054 
13330 290214 4 2020.65 471 589 1198 842 1370 886 414 2940 1547 998 1093 1144 628 1020 1593 2181 677 860 542 1073 1534 2193 890 659 3644 576 1300 878 788 1234 1899 3928 
13330 290776 566 3658.6 0 0 0 1688 0 0 0 0 1667 0 0 0 0 0 0 2335 0 0 0 2999 0 0 0 0 0 0 0 0 0 0 0 0 
13331 290935 94 289.48 0 0 0 0 0 0 0 0 0 0 0 0 0 0 0 0 0 0 0 0 0 0 0 0 0 0 0 0 0 0 698 776 
13332 292716 603 1672.63 0 0 0 0 0 0 0 0 0 0 0 0 0 0 0 0 0 0 0 3775 0 0 0 0 0 0 0 0 0 0 4040 4040 
13333 293871 470 1351.72 0 0 0 0 1550 0 0 0 1296 0 0 0 3906 3906 1188 0 0 0 0 0 0 0 3893 0 0 0 0 0 0 0 0 0 
13333 294472 1071 3128.08 0 0 0 0 0 0 0 0 0 0 0 0 0 0 0 527 0 0 0 501 0 0 0 0 0 0 0 0 0 0 0 0 
13334 295308 670 1963.6 0 2874 343 0 0 0 0 0 0 0 0 3941 0 0 0 0 0 0 0 0 0 0 0 0 0 0 209 1910 0 0 0 0 
13335 296268 361 1061.95 0 0 0 0 0 0 0 0 0 0 0 0 0 0 0 0 0 806 0 0 0 0 0 0 0 0 1507 2896 0 0 0 0 
13335 296339 432 1241.07 0 0 0 0 0 0 0 0 0 0 0 0 515 0 0 0 0 593 0 0 0 0 0 0 0 0 0 0 0 0 0 0 
13335 297013 1106 3088.19 0 1219 0 0 0 0 0 0 0 0 0 1306 0 0 0 0 0 0 0 0 0 0 0 0 0 0 4026 4026 0 0 0 0 
13337 298038 847 2401.15 0 0 0 0 0 0 0 0 0 501 0 0 0 0 0 0 0 0 0 0 0 0 0 0 0 0 0 0 0 0 0 503 
13340 301428 479 1324.28 0 0 0 0 0 1826 0 0 0 0 995 0 3940 0 0 0 0 0 0 0 0 0 3927 0 0 0 0 0 0 0 0 0 
13340 301919 970 2714.49 0 0 0 0 0 0 0 0 0 0 0 0 716 0 0 0 0 0 0 0 588 0 0 0 0 0 0 0 0 0 0 0 
13340 302005 1056 2924.77 0 0 0 0 0 0 0 0 0 0 0 0 633 0 0 0 0 0 854 0 0 0 0 0 0 0 0 0 0 0 0 0 
13341 302345 95 262.892 0 0 0 0 0 1213 0 0 0 0 0 1574 0 0 0 0 0 2847 0 0 0 2596 0 0 0 0 0 0 0 0 0 0 
13341 302647 397 1087.85 0 0 0 0 0 0 0 0 0 0 0 0 0 0 0 687 0 0 0 515 0 0 0 0 0 0 0 0 0 0 0 0 
13341 303118 868 2338.81 0 0 0 0 0 0 0 0 0 0 0 0 0 643 297 0 4001 0 1930 0 0 4001 0 3619 0 0 0 0 0 0 0 0 
13343 304815 7 24.3877 0 1127 0 0 0 0 0 0 2791 0 0 0 0 0 0 0 4068 0 0 0 0 0 0 2468 0 0 0 0 0 0 0 0 
13343 304858 50 141.981 0 1015 0 0 0 0 0 0 0 0 0 2264 0 0 0 0 0 0 0 0 0 0 0 0 0 0 0 2469 0 0 0 0 
13343 305024 216 605.694 0 0 0 0 0 0 0 0 0 0 0 0 0 0 0 0 0 0 0 0 0 0 0 0 0 0 0 0 0 0 672 695 
13344 307370 1288 3586.64 0 0 0 0 0 1065 0 0 0 0 0 0 4046 2463 2103 0 0 0 883 0 0 776 160 0 0 0 0 0 0 0 0 0 
13345 307842 469 1311.61 0 0 0 0 0 0 0 0 0 0 0 0 0 0 0 0 0 0 0 0 0 0 0 0 0 0 0 0 0 0 562 502 
13345 308509 1136 3099.49 1138 0 0 0 0 0 0 0 0 0 0 1524 0 0 0 0 0 0 0 0 0 0 0 0 0 0 0 3902 0 0 0 0 
13347 310753 778 2067.08 0 0 0 0 0 1562 0 0 0 0 1323 0 0 0 0 0 0 1147 0 0 841 0 0 0 0 0 0 0 0 0 0 0 
13347 311160 1185 3214.81 0 0 0 0 0 0 0 0 0 0 0 0 523 0 0 0 0 524 0 0 0 0 0 0 0 0 0 0 0 0 0 0 
13348 311766 461 1293.82 0 0 0 0 0 0 0 0 0 0 0 0 0 0 0 515 0 3921 0 3921 0 3921 0 0 0 0 0 0 0 0 3921 3921 
13349 312652 90 205.812 0 0 0 0 0 0 0 0 0 0 0 0 0 0 0 525 0 0 0 565 0 0 0 0 0 0 0 0 0 0 0 0 
13349 313137 575 1507.12 0 0 0 1068 0 0 550 0 0 0 0 0 0 0 0 0 0 0 0 0 0 0 0 0 0 0 0 0 0 0 0 0 
13349 313180 618 1617.26 0 0 0 0 0 0 0 0 0 0 0 0 0 519 537 0 0 0 0 0 0 0 0 0 0 0 0 0 0 0 0 0 
13362 313995 73 211.975 0 0 539 0 0 0 0 0 0 0 0 0 0 0 705 0 0 0 0 0 0 0 0 0 0 0 0 0 0 0 0 0 
13362 314912 990 2793.65 0 0 0 0 0 0 0 0 0 0 0 0 0 0 0 0 0 1531 0 0 1858 0 0 0 0 0 0 0 1779 1369 0 0 
13363 315783 1 1853.42 627 784 1185 816 1770 929 393 2714 1638 1352 1872 1272 634 915 2173 2259 625 727 681 1333 1648 1736 1041 1119 3306 379 1207 1048 778 1346 2328 3895 
13364 316981 0 1589.67 446 400 1060 834 1693 794 365 3109 1733 1023 1515 1333 655 914 1453 2073 467 859 861 1258 2029 1839 1206 1142 3956 678 1599 1199 1068 1605 2649 3956 
13365 318230 480 1323.43 0 0 0 0 0 0 0 0 0 0 0 0 501 0 0 0 0 0 0 0 0 0 584 0 0 0 0 0 0 0 0 0 
13367 320454 144 388.406 0 1716 359 0 0 0 0 1118 0 0 0 0 0 0 0 2281 0 0 0 4010 0 0 0 0 0 0 0 0 0 0 0 0 
13367 320777 467 1280.48 2955 0 0 0 0 0 0 0 0 0 995 0 0 0 0 0 0 845 0 0 2301 0 0 0 0 0 0 0 0 0 0 0 
