10173 271 271 793.939 0 0 0 0 0 0 0 0 0 0 0 0 1599 0 0 0 0 0 1047 0 0 0 2558 0 0 0 0 0 0 0 0 0 
10174 1953 684 1983.8 0 0 0 2836 0 0 706 0 0 0 0 0 0 0 0 0 0 0 0 0 0 0 0 0 0 0 0 0 0 0 0 0 
10174 2292 1023 2936.62 0 0 1619 0 0 0 0 0 1367 0 0 0 0 0 0 0 1090 0 0 2728 0 0 0 0 0 0 0 0 0 0 0 0 
10175 2578 64 203.158 0 0 0 0 0 0 0 0 0 0 0 0 0 0 0 0 0 0 0 0 0 0 0 0 0 0 0 0 543 587 0 0 
10175 3156 642 1813.33 0 0 0 0 0 0 0 0 0 0 0 0 0 0 745 0 0 635 0 0 0 0 0 0 0 0 0 0 0 0 0 0 
10176 3786 21 50.7723 0 0 0 0 0 432 602 1756 0 0 0 0 0 0 328 0 4041 0 0 0 0 0 0 4041 0 0 0 0 0 0 0 0 
10176 4733 968 2877.25 0 0 0 0 0 767 0 0 0 0 0 834 0 0 0 0 0 0 1886 0 1068 0 0 0 0 0 0 0 0 0 0 0 
10177 5661 668 1867.73 0 0 1557 0 0 0 0 1073 0 0 0 0 0 0 0 0 3930 0 0 0 0 0 0 3930 0 0 0 0 0 0 0 0 
10177 5792 799 2280.36 0 0 0 0 0 0 0 0 0 0 0 0 0 0 0 589 0 0 0 565 0 0 0 0 0 0 0 0 0 0 0 0 
10177 6085 1092 3054.17 1518 0 0 0 0 0 0 1049 0 0 0 0 0 0 0 0 0 0 1180 0 0 857 0 0 0 0 0 0 0 0 0 0 
10177 6235 1242 3459.15 0 0 0 0 0 0 0 0 0 0 0 0 0 556 588 0 0 0 0 0 0 0 0 0 0 0 0 0 0 0 0 0 
10178 6625 344 991.25 0 0 0 0 0 0 0 0 0 0 0 651 0 0 0 0 0 0 0 0 0 0 0 0 0 0 0 0 0 0 0 687 
10178 7200 919 2612.42 0 0 0 0 0 0 0 0 0 0 0 0 0 0 0 0 0 0 0 0 0 0 0 0 0 0 0 0 0 0 614 708 
10178 7365 1084 3092.46 0 0 0 0 0 0 0 0 0 0 0 0 0 0 553 0 0 0 0 0 0 0 0 0 0 0 0 0 0 531 0 0 
10179 7791 250 715.911 0 0 0 0 0 0 0 0 0 0 0 0 0 0 0 528 0 0 0 0 0 0 0 0 0 0 0 0 0 0 0 563 
10179 7839 298 824.058 0 0 0 0 0 0 0 0 0 0 0 0 0 0 0 510 0 0 0 0 0 0 0 0 0 0 0 0 0 0 0 600 
10180 9919 1082 2956.93 0 0 0 0 0 896 0 0 0 0 1948 0 0 0 0 0 0 0 0 0 0 0 0 0 664 0 0 0 0 0 0 0 
10180 9929 1092 2976.03 0 0 619 0 0 0 0 0 0 0 0 522 0 0 0 0 0 0 0 0 0 0 0 0 0 0 0 0 0 0 0 0 
10182 12054 664 1942.52 0 0 0 1309 0 0 0 1495 0 0 0 0 0 0 0 0 0 1503 0 0 0 640 0 0 0 0 0 0 0 0 0 0 
10182 12597 1207 3592.98 0 0 0 0 0 0 0 0 0 0 0 0 0 702 0 0 0 0 0 0 0 0 0 0 0 0 0 0 0 0 561 0 
10183 13041 441 1177.41 1358 0 0 0 0 0 0 0 1612 0 0 0 0 0 0 0 0 0 0 0 0 0 0 0 1067 1904 0 0 0 0 0 0 
10184 14256 304 860.4 0 1164 0 0 0 0 0 0 1973 0 0 0 0 0 0 0 0 0 671 0 0 646 0 0 0 0 0 0 0 0 0 0 
10184 14655 703 2054.71 0 0 0 0 955 0 0 0 0 1095 0 0 0 0 0 0 0 0 0 0 0 0 0 0 1418 334 0 3563 0 0 0 0 
10186 17217 684 1994.32 0 0 0 0 0 0 575 0 0 0 0 0 0 0 0 0 0 0 0 0 0 0 0 0 0 0 0 702 0 0 0 0 
10187 18158 369 1112.42 0 0 0 0 0 0 0 0 0 0 0 0 0 710 768 0 0 0 0 0 0 0 0 0 0 0 0 0 0 0 0 0 
10187 18249 460 1373.72 547 0 0 0 0 0 0 0 0 0 0 0 0 0 0 0 0 0 0 0 0 0 0 0 0 0 0 0 0 0 0 713 
10188 19697 668 1778.08 0 0 0 0 0 0 0 0 0 0 0 0 0 615 520 0 0 0 0 0 0 0 0 0 0 0 0 0 0 0 0 0 
10188 20206 1177 3258.89 0 0 0 0 0 0 0 0 0 0 0 0 0 0 0 0 2277 0 2138 0 0 1080 0 3517 0 0 0 0 0 0 0 0 
10191 23898 948 2697.11 0 0 0 0 0 0 0 0 0 0 0 0 2548 0 0 0 0 0 1313 0 1237 0 1778 0 0 0 0 0 0 0 0 0 
10191 24187 1237 3494.21 0 2433 0 0 0 0 0 0 3954 0 0 0 0 0 0 0 0 0 0 1101 0 0 0 0 0 0 0 0 0 0 4045 4045 
10192 25206 983 2802.12 0 1472 0 0 0 0 0 0 1446 0 0 0 0 0 0 0 0 0 0 194 0 0 0 0 0 0 1480 0 0 0 0 0 
10193 25593 101 292.5 0 0 0 0 0 0 0 0 0 0 0 0 648 0 0 0 0 0 0 0 0 0 0 0 0 0 0 529 0 0 0 0 
10193 25993 501 1563.32 0 0 0 0 0 588 0 993 0 0 0 0 0 1908 2438 0 0 0 0 0 0 0 0 0 0 0 0 0 0 0 0 0 
10193 26201 709 2117.7 0 0 0 0 1070 0 0 0 0 1449 0 0 0 0 0 0 0 0 1267 0 0 475 0 0 0 0 0 0 0 0 0 0 
10194 26847 119 335.158 1427 391 0 0 0 0 0 0 0 0 1645 0 0 0 0 0 0 0 0 0 0 0 0 0 0 0 3904 3904 0 0 0 0 
10194 27374 646 1771.38 0 0 0 0 0 1719 0 0 1128 0 0 0 0 0 0 0 0 0 672 0 0 971 0 0 0 0 0 0 0 0 0 0 
10195 28611 597 1725.52 0 0 0 0 1250 0 0 0 0 0 2428 0 0 0 0 0 0 0 1009 0 0 782 0 0 0 0 0 0 0 0 0 0 
10195 28657 643 1853.78 0 0 0 0 690 0 0 0 0 0 0 0 0 0 541 0 0 0 0 0 0 0 0 0 0 0 0 0 0 0 0 0 
10197 30729 158 451.076 1225 0 0 0 0 0 0 0 0 898 0 0 0 0 0 0 0 0 0 0 0 0 0 0 0 0 0 0 0 0 4053 4053 
10197 31791 1220 3535.43 0 0 0 0 0 0 0 0 0 0 0 0 4019 0 0 0 0 0 0 0 0 0 3999 0 3999 3999 0 0 0 0 0 0 
10198 31882 71 169.814 0 2089 0 0 0 0 0 0 0 0 0 1309 0 0 0 0 0 0 978 0 1093 0 0 0 0 0 0 0 0 0 0 0 
10198 32206 395 1050.39 0 0 0 0 0 0 0 0 624 503 0 0 0 0 0 0 0 0 0 0 0 0 0 0 0 0 0 0 0 0 0 0 
10199 33298 200 548.325 0 0 0 1418 0 0 0 0 0 0 1743 0 0 0 0 0 0 0 0 0 0 0 0 0 4002 3507 655 4002 0 0 0 0 
10199 33389 291 790.347 0 537 0 0 0 0 0 0 0 0 0 0 0 0 0 0 0 0 0 0 0 0 0 0 0 0 0 0 0 0 700 0 
10199 33810 712 1982.45 0 0 0 2070 641 0 0 0 2116 0 0 0 0 2839 4014 0 0 0 0 0 0 0 0 0 0 0 0 0 0 0 0 0 
10199 34140 1042 2930.66 0 0 0 0 0 0 0 0 0 0 0 0 923 0 0 0 0 0 890 0 928 0 1757 0 0 0 0 0 0 0 0 0 
10200 34401 23 78.4904 0 0 0 0 0 0 0 0 0 0 0 0 0 0 0 0 0 579 0 0 0 0 0 0 0 0 0 0 0 0 707 0 
10200 34722 344 1013.83 0 0 0 0 0 0 0 0 0 0 0 0 0 704 0 0 0 633 0 0 0 0 0 0 0 0 0 0 0 0 0 0 
10201 36513 886 2429.15 0 0 0 0 0 0 0 0 0 0 0 0 574 0 0 0 0 0 0 0 0 0 1263 0 0 0 0 0 0 0 0 0 
10202 37565 641 1836.73 0 0 0 0 1972 0 0 0 1689 591 0 0 0 0 0 2639 0 0 0 2512 0 0 0 0 0 0 0 0 0 0 0 0 
10203 38787 618 1696.44 0 0 0 0 0 0 0 0 0 0 0 0 0 0 0 0 0 1110 0 0 824 0 0 0 0 0 1171 2392 1017 1124 0 0 
10203 39335 1166 3252.61 0 0 0 0 0 0 0 0 0 0 0 0 0 0 0 0 0 577 0 0 0 0 0 0 0 0 0 0 0 0 748 0 
10204 40155 705 1984.34 0 0 0 0 0 0 0 0 0 0 0 0 0 0 0 0 0 0 0 0 0 0 0 0 1013 1703 0 0 0 0 0 0 
10204 40357 907 2574.74 0 0 0 0 0 0 2245 0 0 0 0 0 0 0 0 4017 0 0 0 3983 0 0 0 0 0 0 0 0 0 0 249 0 
10205 40771 53 163.266 0 950 524 0 0 0 0 0 0 795 0 0 0 0 0 0 0 0 0 0 0 0 0 0 0 0 0 0 4086 2735 0 614 
10205 40863 145 420.785 0 1297 0 0 0 0 0 0 324 1576 0 0 0 0 0 3013 0 0 0 2690 0 0 0 0 0 0 0 0 0 0 0 0 
10205 41677 959 2689.32 0 0 0 638 0 0 0 0 0 0 1144 0 0 0 0 0 0 2178 0 0 1494 0 0 0 0 0 0 0 0 0 0 0 
10205 41950 1232 3450.05 0 0 0 0 0 0 0 0 0 0 0 0 0 0 0 0 0 925 0 0 889 0 0 0 0 0 1765 2861 0 0 0 0 
10207 43406 142 349.183 0 0 1748 0 0 0 0 0 863 0 0 0 0 0 0 0 0 1041 0 0 0 664 0 0 0 0 0 0 0 0 0 0 
10207 44377 1113 3145.48 0 0 0 0 0 0 0 0 0 0 0 0 675 0 0 0 0 0 0 0 0 0 0 0 0 0 0 765 0 0 0 0 
10207 44415 1151 3258.75 0 0 0 0 0 0 0 0 0 0 0 0 1928 0 0 0 0 0 0 0 0 0 1435 0 2033 684 3969 636 0 0 0 0 
10209 46786 988 2847.15 0 0 0 0 0 0 0 0 0 0 0 0 0 3727 3886 0 0 0 3866 0 0 1696 0 0 0 0 0 0 0 0 0 0 
10210 48134 1070 2973.35 0 0 0 0 0 792 0 1173 0 0 0 0 0 0 0 0 1850 0 0 0 0 0 0 4028 0 0 0 0 0 0 0 0 
10213 51028 158 519.674 2545 0 0 0 0 0 0 0 911 0 0 0 0 0 0 0 0 1131 0 0 663 0 0 0 0 0 0 0 0 0 0 0 
10213 51460 590 1712.63 0 0 0 0 0 0 0 0 0 0 1721 0 0 0 0 0 0 0 829 0 0 739 0 0 0 0 0 0 0 0 0 0 
10213 51499 629 1821.12 0 0 0 0 0 0 1287 0 0 0 0 0 0 0 0 1458 0 0 0 3938 0 0 0 0 0 0 0 0 0 0 3691 3059 
10214 53077 927 2694.89 0 0 1658 0 0 0 0 0 1686 0 0 0 0 0 0 0 0 0 0 163 0 0 0 0 0 0 0 0 0 0 2685 3059 
10215 53865 481 1383.47 0 784 0 0 0 0 0 0 0 0 2003 0 0 0 0 0 0 1475 0 0 973 0 0 0 0 0 0 0 0 0 0 0 
10216 55387 736 2145.55 0 0 0 0 0 0 1225 0 0 0 0 0 0 240 0 0 787 0 0 0 0 0 0 0 0 0 0 0 0 0 0 0 
10216 55839 1188 3423.42 0 0 0 0 1869 0 0 0 0 0 1533 0 0 0 0 0 0 0 0 0 0 0 0 0 0 0 0 0 0 0 2868 2779 
10217 55976 69 226.813 0 4014 0 0 0 0 0 1754 0 0 0 0 0 2142 2681 0 0 0 0 0 0 0 0 0 0 0 0 0 0 0 0 0 
10217 56021 114 347.212 0 0 0 0 0 0 1241 0 0 0 0 0 0 3969 3621 0 0 0 0 0 0 0 0 0 0 0 0 0 0 0 0 0 
10218 58307 1155 3319.3 0 0 0 0 0 0 1473 0 0 0 0 0 0 0 0 0 3931 0 894 0 0 642 0 3931 0 0 0 0 0 0 0 0 
10219 59442 1047 3196.29 0 0 0 0 0 0 0 0 0 2923 0 0 0 0 0 0 0 4055 0 0 4055 0 0 0 0 0 0 0 4055 4055 141 1630 
10219 59445 1050 3199.57 0 0 0 0 0 0 0 0 0 508 0 0 0 0 0 0 0 0 0 0 0 0 0 0 0 0 0 0 1056 0 0 0 
10220 59715 132 362.61 1257 0 0 0 0 0 0 308 0 0 0 0 0 0 0 4053 0 0 0 4033 0 0 0 0 0 0 0 0 0 0 0 0 
10221 61276 422 1185.46 0 0 0 1300 0 0 0 0 0 2006 0 0 0 0 0 0 0 1838 0 0 0 991 0 0 0 0 0 0 0 0 0 0 
10223 63850 525 1495.9 0 0 0 0 978 0 0 0 1043 0 0 0 0 0 0 0 0 0 0 0 0 0 0 0 1607 1255 0 0 0 0 0 0 
10226 66886 134 360.995 0 0 0 0 0 0 1116 0 0 0 0 0 0 0 0 3936 0 1193 0 3916 0 1242 0 0 0 0 0 0 0 0 0 0 
10226 67341 589 1735.78 0 0 0 0 0 0 0 0 0 0 0 0 585 0 0 0 0 0 0 0 0 0 523 0 0 0 0 0 0 0 0 0 
10226 67978 1226 3536.53 0 0 0 1274 0 0 0 0 0 0 0 1141 0 0 0 0 0 0 821 0 1445 0 0 0 0 0 0 0 0 0 0 0 
10227 68784 782 2184.16 0 0 0 0 0 0 0 0 0 0 0 0 0 0 0 0 0 0 1715 0 2745 0 0 0 805 0 0 2731 0 0 0 0 
10227 69118 1116 3151.03 239 1724 0 0 0 0 3971 0 0 0 0 0 0 0 0 0 0 0 0 138 0 0 0 0 0 0 0 0 0 0 0 0 
10227 69180 1178 3362.59 0 0 0 0 0 1207 0 970 0 0 0 0 0 3909 3046 0 0 0 0 0 0 0 0 0 0 0 0 0 0 0 0 0 
10228 70231 960 2689.65 0 0 0 0 0 0 0 0 0 0 0 0 720 0 0 0 0 0 0 0 0 0 0 0 0 1019 0 0 0 0 0 0 
10228 70358 1087 3042.08 0 0 0 0 0 0 0 0 0 0 0 0 626 0 0 0 0 0 0 0 0 0 756 0 0 0 0 0 0 0 0 0 
10230 71969 199 564.591 0 0 0 0 0 0 0 0 0 0 0 1286 2376 0 0 0 0 0 665 0 892 0 1618 0 2992 0 0 0 0 0 0 0 
10231 73167 180 526.957 241 265 0 509 247 368 419 237 408 372 306 576 0 238 289 0 0 0 0 155 0 112 128 0 0 0 0 120 0 167 148 129 
10262 73273 105 335.302 0 0 0 0 0 0 0 0 0 0 0 0 585 0 0 0 0 0 0 0 0 0 582 0 0 0 0 0 0 0 0 0 
10262 74115 947 2728.96 0 0 0 0 0 0 0 0 0 0 0 0 517 0 0 0 0 0 0 0 0 0 0 0 0 0 0 0 0 0 0 580 
10264 76432 728 2083.96 0 0 0 0 0 0 0 0 0 0 0 0 0 0 0 526 0 0 0 572 0 0 0 0 0 0 0 0 0 0 0 0 
10265 77072 94 260.04 0 0 0 0 0 0 0 0 625 0 0 0 0 0 0 0 0 0 0 0 0 0 0 0 0 0 0 917 0 0 0 0 
10265 77377 399 1097.37 0 0 0 0 0 0 566 0 0 0 0 0 0 0 0 0 0 0 0 0 0 0 0 0 0 0 0 0 0 513 0 0 
10266 79348 1097 3298.71 0 0 0 0 0 0 0 0 0 0 0 0 0 0 0 0 0 2401 0 0 1693 0 0 0 0 0 1599 1367 0 0 0 0 
10267 80254 805 2448.32 0 0 0 0 0 0 0 0 0 0 0 0 0 0 0 0 0 0 0 0 0 0 0 0 0 0 0 0 0 0 561 635 
10270 83440 415 1276.2 0 0 0 0 0 0 577 0 0 0 0 0 0 0 0 0 0 0 0 0 0 0 501 0 0 0 0 0 0 0 0 0 
10271 84649 377 1057.56 0 0 0 0 0 0 0 0 0 0 0 0 0 0 0 746 0 0 0 593 0 0 0 0 0 0 0 0 0 0 0 0 
10273 87301 477 1334.57 0 0 0 0 0 1164 0 1287 0 0 0 0 0 1010 0 0 0 0 0 0 0 0 0 3238 0 0 0 0 0 0 0 0 
10273 87408 584 1647.52 0 0 801 0 0 0 0 0 0 0 0 0 0 0 0 0 0 0 0 0 0 0 0 0 0 0 0 0 0 0 0 573 
10273 87646 822 2400.28 0 0 0 0 0 0 0 0 0 0 0 0 0 0 0 982 0 1665 0 1505 0 1205 0 0 0 0 0 0 0 0 0 0 
10274 88701 653 1947.12 0 0 0 0 0 0 0 0 0 0 0 0 0 0 0 592 0 0 0 543 0 0 0 0 0 0 0 0 0 0 0 0 
10276 89888 259 744.186 1904 0 0 0 0 0 0 0 1117 0 0 0 0 0 0 3602 0 0 0 1528 0 0 0 0 0 0 0 0 0 316 3978 3978 
10276 90197 568 1583.71 0 0 0 0 0 0 0 0 0 0 0 0 596 0 0 0 0 0 0 0 0 0 0 0 0 0 0 640 0 0 0 0 
10276 90684 1055 2985.39 0 0 0 0 0 0 551 573 0 0 0 0 0 0 0 0 0 0 0 0 0 0 0 0 0 0 0 0 0 0 0 0 
10277 91124 224 574.114 0 0 1111 0 0 0 654 0 0 0 0 0 0 0 0 4021 0 0 0 0 0 0 0 0 0 0 0 0 0 0 0 0 
10277 91414 514 1423.98 0 0 0 0 0 0 0 0 0 0 0 0 0 0 0 613 0 0 0 703 0 0 0 0 0 0 0 0 0 0 0 0 
10304 92913 753 2258.93 0 0 0 1255 0 0 0 0 0 0 0 1457 0 0 0 0 0 0 0 0 0 0 0 0 0 0 0 4003 0 0 0 0 
10306 94645 65 197.539 0 0 0 0 0 0 0 0 0 0 0 0 649 0 0 0 0 575 0 0 0 0 0 0 0 0 0 0 0 0 0 0 
10306 94960 380 1081.82 0 0 0 0 0 0 0 544 0 0 0 0 0 0 0 0 0 0 0 0 0 0 0 0 0 0 0 0 0 0 0 558 
10306 95041 461 1297.63 0 0 0 0 0 0 0 0 0 0 0 0 0 0 529 0 0 0 0 0 0 0 0 0 0 0 0 0 0 0 0 651 
10313 98450 614 1806.78 647 607 0 0 0 0 0 0 0 0 0 0 0 0 0 0 0 0 0 0 0 0 0 0 0 0 0 0 0 0 0 0 
10313 98491 655 1911.76 0 0 0 0 0 1057 0 1217 0 0 0 0 0 0 0 0 0 0 646 0 0 723 0 0 0 0 0 0 0 0 0 0 
10313 99055 1219 3580.26 0 0 1567 0 0 0 0 2206 0 0 0 0 0 0 0 0 0 0 0 0 0 0 0 0 0 0 1006 1355 0 0 0 0 
10314 99373 308 930.975 0 0 0 0 0 0 0 0 0 0 0 0 696 0 0 0 0 0 0 0 0 0 0 0 0 698 0 0 0 0 0 0 
10314 100220 1155 3507.49 0 0 0 0 0 0 0 0 0 0 0 0 0 0 0 0 0 1260 0 0 1208 0 0 0 0 0 2962 3850 0 0 0 0 
10315 100637 382 1092.9 0 0 0 0 0 0 0 0 0 0 0 0 0 246 0 0 0 0 0 0 0 0 0 0 0 0 0 501 0 0 0 557 
10316 101659 988 2838.13 0 0 0 0 0 0 0 0 0 0 0 0 0 0 0 0 0 0 0 0 0 0 1101 0 3921 3921 0 0 0 0 0 0 
10317 103146 1235 3484.3 0 0 0 0 0 0 0 0 0 0 0 0 0 560 330 0 0 541 0 0 0 0 0 0 0 0 0 0 0 0 0 0 
10318 104005 813 2332.5 0 0 0 0 0 0 0 0 0 0 0 0 0 0 0 0 0 0 526 0 0 0 0 0 3058 2946 0 0 0 0 0 0 
10319 104864 438 1303.83 0 0 0 0 0 0 1197 0 0 0 0 0 0 0 0 3319 0 0 1048 3412 0 1058 0 0 0 0 0 0 0 0 0 0 
10320 105979 333 1029.12 0 0 0 0 0 0 0 0 0 0 0 0 528 0 0 0 0 506 0 0 0 0 0 0 0 0 0 0 0 0 0 0 
10320 106372 726 2154.03 0 0 0 0 0 0 0 0 0 0 0 502 0 0 0 0 0 0 0 0 0 0 0 0 0 0 0 0 0 0 671 133 
10321 107434 565 1664.08 0 0 0 0 0 0 0 0 0 0 0 0 0 0 0 0 0 3938 0 0 0 2770 0 0 0 0 0 0 0 0 3938 3938 
10322 108149 488 1390.49 0 925 0 0 0 0 0 0 0 0 812 0 0 0 0 0 0 838 0 0 782 0 0 0 0 0 0 0 0 0 0 0 
10322 108479 818 2368.95 0 0 0 0 0 775 532 0 0 0 0 0 0 0 0 0 0 0 0 0 0 0 0 0 0 0 0 0 0 0 0 0 
10322 108852 1191 3494.86 0 0 0 0 0 593 0 0 547 0 0 0 0 0 0 0 0 0 0 0 0 0 0 0 0 0 0 0 0 0 0 0 
10323 109517 626 1914.97 0 0 0 0 736 0 0 0 0 0 0 0 0 0 0 0 0 0 681 0 0 0 0 0 0 0 0 0 0 0 0 0 
10325 111241 286 836.643 0 0 0 0 0 0 0 0 0 0 0 0 0 0 0 536 0 0 0 0 0 0 0 0 0 0 0 550 0 0 0 0 
10326 112313 115 378.603 0 0 0 0 0 0 0 0 0 0 0 0 0 0 538 0 0 0 0 0 0 0 0 0 0 0 0 637 0 0 0 0 
10326 112863 665 2021.72 0 0 0 0 0 1328 0 0 0 0 0 0 4044 716 383 0 0 0 0 0 0 0 4050 0 0 0 0 0 0 0 0 0 
10327 113912 499 1483.87 0 0 0 0 0 601 0 0 0 0 0 0 0 0 0 0 0 637 0 0 0 0 0 0 0 0 0 0 0 0 0 0 
10328 114747 87 244.769 1428 0 0 0 0 0 0 0 0 1404 0 0 0 0 0 0 0 0 0 0 0 0 0 0 0 0 1311 2656 3930 3930 0 0 
10328 114808 148 396.154 0 0 0 1734 0 0 0 0 0 0 0 0 0 0 0 0 0 929 0 0 0 1488 0 0 0 0 0 0 0 0 0 0 
10328 115543 883 2567.48 0 0 0 0 1136 0 0 0 0 0 3513 0 0 0 0 0 0 0 949 0 0 1400 0 0 0 0 0 0 0 0 0 0 
10329 116410 508 1546.83 0 0 0 0 0 0 0 0 2604 0 0 0 0 0 0 0 0 1542 0 0 0 1266 0 0 0 0 0 0 0 0 0 142 
10329 116859 957 2814 1153 0 0 0 0 0 0 0 0 0 222 1178 0 0 0 0 0 2234 0 0 0 1306 0 0 0 0 0 0 0 0 417 155 
10330 117883 770 2242.85 0 0 1146 0 0 0 0 0 0 0 1268 0 0 0 0 0 0 0 0 0 0 0 0 0 0 0 3084 4070 0 0 0 0 
10331 119480 1113 3095.04 0 0 0 0 0 0 0 0 0 0 0 581 0 0 0 0 0 0 0 0 0 0 0 0 0 0 0 693 0 0 0 0 
10332 119823 163 430.92 0 0 0 0 1166 0 0 905 0 0 0 0 0 0 0 0 2485 0 0 0 0 0 0 3892 0 0 0 0 0 0 0 0 
10332 120035 375 1053.82 0 0 2954 257 0 0 0 0 0 1385 0 0 990 0 0 0 0 0 0 0 0 0 423 0 3932 3932 0 0 0 0 0 0 
10334 123050 939 2793.99 0 0 1220 0 0 0 0 0 979 0 0 0 0 0 0 0 0 0 0 0 0 539 0 0 0 0 0 0 0 0 0 0 
10337 125930 103 294.844 649 4077 777 389 0 0 0 0 0 773 4077 547 0 0 0 0 0 1835 0 0 921 0 0 0 0 0 0 284 4083 2665 0 0 
10337 126293 466 1368.02 0 0 512 0 0 0 0 0 0 0 0 1736 0 0 0 0 0 0 0 0 0 0 0 0 3255 0 0 3972 0 0 0 0 
10338 127407 771 2263.32 0 0 0 0 0 0 0 0 0 0 0 0 0 3860 0 0 2623 0 0 0 0 0 646 2398 0 0 0 0 0 0 0 0 
10338 127418 782 2291.38 0 0 0 999 0 0 0 0 0 0 0 1273 0 0 0 0 0 0 388 0 581 0 0 0 3855 0 0 0 0 0 0 0 
10339 128200 311 897.769 0 0 0 0 0 0 4074 700 0 0 0 0 0 0 0 0 0 0 0 0 0 0 0 0 0 0 0 0 235 0 448 3703 
10339 128233 344 993.578 0 0 0 0 0 0 0 0 0 511 0 0 0 0 0 0 0 0 0 0 0 0 0 0 0 0 0 581 0 0 0 0 
10339 128953 1064 3054.07 0 0 0 0 0 0 0 0 0 0 0 0 0 0 0 0 0 1099 0 0 0 737 0 0 0 0 0 0 2762 0 0 3071 
10340 129219 91 250.369 0 0 0 0 0 0 0 0 0 0 0 0 0 0 0 0 0 0 0 0 0 0 0 0 0 0 0 0 505 0 0 677 
10341 129428 36 103.667 0 0 0 0 0 0 0 0 0 0 0 0 0 0 0 558 0 0 0 641 0 0 0 0 0 0 0 0 0 0 0 0 
10341 129719 327 977.095 0 0 0 0 0 1067 0 2045 0 0 0 0 0 0 316 0 0 0 1145 0 770 0 0 0 0 0 0 0 0 0 0 0 
10347 133356 48 114.58 0 0 0 0 0 0 0 0 0 722 0 0 0 0 0 0 0 0 0 0 0 0 0 0 0 0 2705 2991 0 0 0 0 
10348 134689 211 623.897 0 0 0 0 0 0 1179 0 0 0 0 0 0 0 0 0 3982 0 841 176 764 0 0 1487 0 0 0 0 0 0 0 0 
10349 136335 593 1770.29 0 0 0 0 0 0 0 0 0 0 0 0 0 0 0 0 0 0 0 0 0 0 0 0 0 0 0 0 1663 1237 0 0 
10378 138026 1127 3272.53 0 0 0 0 0 0 0 0 0 0 0 0 828 0 0 0 0 0 0 0 0 0 0 0 0 0 0 0 0 0 0 622 
10379 138550 423 1242.26 0 0 0 0 0 0 0 0 0 0 0 0 0 0 0 0 0 1218 0 0 0 982 0 0 0 0 0 0 0 0 1995 3934 
10379 138863 736 2222.54 0 0 0 1857 0 0 0 1719 2379 0 0 0 0 0 349 3862 0 0 0 3873 0 0 0 0 0 0 0 0 0 0 2017 1505 
10380 140066 736 2173.75 0 1224 0 0 0 0 0 0 0 0 0 0 0 0 0 0 0 0 0 0 0 0 0 0 0 0 0 0 3249 0 0 3930 
10382 142808 1068 3085.1 0 0 0 0 0 530 0 0 0 0 0 0 0 0 0 0 0 0 0 0 0 0 0 0 0 0 0 552 0 0 0 0 
10383 143011 36 98.9419 0 0 0 0 0 0 0 0 0 0 0 0 0 0 0 2535 0 1891 0 4008 872 710 0 0 0 0 0 0 0 0 0 0 
10383 144037 1062 3079.84 0 0 0 0 0 686 0 0 0 1360 0 0 0 0 0 0 0 0 742 0 0 873 0 0 0 0 0 0 0 0 0 0 
10383 144185 1210 3493.2 0 999 0 0 0 0 0 0 0 0 0 2296 0 0 0 0 0 0 0 0 0 0 0 0 0 0 0 0 1592 515 0 0 
10384 144758 527 1597.76 4014 0 0 0 0 0 0 2075 0 0 0 0 0 0 0 0 0 0 0 0 0 0 0 0 0 0 0 0 0 0 4025 4025 
10384 144818 587 1790.76 0 0 0 0 0 0 0 0 0 0 0 0 0 0 0 0 0 1228 0 0 0 676 0 0 0 0 0 0 0 0 156 1176 
10384 145116 885 2671.21 0 0 0 0 0 0 0 0 0 0 0 505 0 0 0 0 0 617 0 0 0 0 0 0 0 0 0 0 0 0 0 0 
10385 145519 102 312.744 0 0 0 2037 0 0 0 0 0 0 1255 0 0 0 0 0 0 0 0 0 0 0 0 0 0 0 3080 297 0 0 0 0 
10385 146513 1096 3298.74 0 0 0 0 0 0 0 0 0 0 0 0 0 0 0 3031 0 0 1103 2497 0 1234 0 0 0 0 0 0 0 0 0 0 
10386 146665 41 134.834 0 0 0 0 989 0 1456 0 0 0 0 0 0 0 0 0 3882 0 0 0 0 0 0 3882 0 0 0 0 0 0 0 0 
10386 146999 375 1098.25 0 0 0 0 0 0 0 0 558 553 0 0 0 0 0 0 0 0 0 0 0 0 0 0 0 0 0 0 0 0 0 0 
10386 147160 536 1570.48 0 1202 0 0 0 0 0 0 0 0 0 1192 0 0 0 0 0 0 0 0 0 0 0 0 0 0 0 0 0 0 0 0 
10387 148396 514 1555.01 0 0 786 0 0 0 0 0 0 0 0 0 589 0 0 0 0 0 0 0 0 0 0 0 0 0 0 0 0 0 0 0 
10388 148930 46 128.649 0 578 0 0 0 0 0 0 0 520 0 0 0 0 0 0 0 0 0 0 0 0 0 0 0 0 0 0 0 0 0 0 
10388 150030 1146 3333.85 0 0 0 0 0 0 0 0 0 0 0 0 0 2180 1621 0 0 0 959 0 0 937 0 0 0 0 0 0 0 0 0 0 
10389 150188 69 224.977 0 0 1233 0 0 0 0 0 0 0 0 1199 0 0 0 0 0 2608 0 0 2352 0 0 0 0 0 0 0 0 0 0 0 
10390 151561 227 649.394 0 0 0 0 0 0 0 0 0 0 0 715 0 0 0 0 0 0 0 510 0 0 0 0 0 0 0 0 0 0 0 0 
10390 151808 474 1394.19 0 581 0 0 0 0 0 0 0 541 0 0 0 0 0 0 0 0 0 0 0 0 0 0 0 0 0 0 0 0 0 0 
10391 152875 323 950.576 0 0 0 0 0 0 0 0 0 0 0 0 0 503 516 0 0 0 0 0 0 0 0 0 0 0 0 0 0 0 0 0 
10391 153305 753 2236.96 0 0 0 0 0 0 0 0 0 0 0 0 0 0 289 0 0 0 0 0 0 0 558 0 1112 2028 0 0 0 0 0 0 
10393 154626 653 1922.55 0 0 0 0 0 0 0 0 0 0 0 0 0 0 712 0 0 0 1021 0 0 0 0 0 0 0 0 0 0 0 0 0 
10393 154969 996 2928.29 0 1670 0 0 0 0 0 0 0 0 0 1348 0 0 0 0 0 0 0 0 0 0 0 0 0 0 3892 3892 0 0 0 0 
10552 155789 613 1870.37 0 1256 0 0 0 0 0 0 0 0 0 1246 0 0 0 0 0 0 0 0 0 0 0 0 0 0 3916 3916 0 0 0 0 
10552 156273 1097 3327.02 0 0 0 0 0 0 0 0 0 0 0 0 0 0 0 506 0 0 0 551 0 0 0 0 0 0 0 0 0 0 141 0 
10554 157973 361 1119.52 0 0 0 0 0 873 0 0 0 0 0 1372 0 0 0 0 0 0 0 0 0 0 0 0 427 3612 0 0 0 0 0 0 
10554 157977 365 1129.76 0 0 0 0 0 1200 0 0 0 1090 0 0 0 0 0 0 0 0 1368 0 956 0 0 0 0 0 0 0 0 0 0 0 
10554 158142 530 1655.29 0 0 0 0 0 303 0 0 0 0 279 0 4067 0 0 0 0 1317 0 0 0 603 1384 0 0 0 0 0 0 0 0 0 
10554 158771 1159 3440.31 0 0 0 614 0 0 0 0 0 0 0 0 0 0 576 0 0 0 0 0 0 0 0 0 0 0 0 0 0 0 0 0 
10555 159390 560 1553.85 0 0 0 0 0 0 0 0 0 0 0 0 0 508 527 0 0 0 0 0 0 0 0 0 0 0 0 0 0 0 0 0 
10556 160446 349 996.322 0 0 0 0 749 0 0 0 0 0 1757 0 0 0 0 0 0 0 846 0 503 0 0 0 0 0 0 0 0 0 0 0 
10556 161146 1049 3094.7 0 0 0 0 0 0 0 0 0 0 0 0 0 0 0 626 0 0 0 540 0 0 0 0 0 0 0 0 0 0 0 0 
10556 161222 1125 3333.08 0 0 0 0 0 0 0 0 0 0 0 0 0 0 0 0 4026 1477 0 0 0 615 0 4026 0 0 0 0 0 0 0 0 
10608 162935 414 1144.58 0 0 0 0 0 0 0 0 0 0 0 0 0 0 0 3966 0 2730 0 2797 0 3703 0 0 0 0 0 0 0 0 0 0 
10609 164087 302 874.257 0 4073 0 0 0 0 0 0 1263 0 0 0 0 0 0 1348 0 0 0 1748 0 0 0 0 0 0 0 0 0 0 0 0 
10611 166409 174 499.875 0 0 0 0 1043 0 0 0 0 0 0 1382 0 0 0 0 0 0 0 0 0 0 0 0 0 0 4033 1862 0 0 0 0 
10611 167134 899 2695.66 0 0 0 0 0 0 0 0 0 0 0 0 0 513 0 0 0 0 0 0 0 0 0 545 0 0 0 0 0 0 0 0 
10611 167193 958 2840.29 0 0 0 0 0 0 0 0 0 0 904 0 0 0 0 0 0 0 1065 0 632 0 0 0 0 0 0 0 0 0 0 0 
10612 167583 154 506.517 0 0 0 0 0 0 0 0 0 0 0 0 527 0 0 0 0 0 0 0 0 0 0 0 0 0 0 0 0 0 583 0 
10612 167796 367 1120.97 0 0 0 0 0 503 0 0 0 0 0 0 0 0 0 0 0 569 0 0 0 0 0 0 0 0 0 0 0 0 0 0 
10615 171338 172 526.41 0 0 0 0 0 0 0 0 0 0 0 0 0 266 0 0 0 0 0 0 0 0 0 0 0 0 0 0 0 0 910 1027 
10615 172039 873 2511.53 0 0 0 0 0 0 0 0 0 0 0 0 0 0 0 1124 0 0 0 1805 0 0 0 0 0 0 0 0 0 0 0 0 
10616 172649 226 621.83 0 0 0 0 0 0 0 0 0 0 0 0 0 0 0 0 0 0 0 0 0 0 0 0 0 0 1366 1286 3685 2872 0 0 
10616 172845 422 1199.22 0 0 0 0 0 0 0 0 0 0 0 0 0 0 562 0 0 0 0 0 0 0 0 0 0 0 0 0 0 536 0 0 
10616 173285 862 2532.44 0 0 0 0 0 0 0 0 523 0 0 0 0 0 0 0 0 0 0 0 0 0 0 0 0 0 0 0 0 0 0 529 
10618 175466 552 1547.3 0 0 0 0 1501 0 0 0 0 0 0 2185 0 0 0 0 0 1837 0 0 1053 0 0 0 0 0 0 0 0 0 0 0 
10618 175998 1084 3135.53 0 996 0 0 0 0 0 0 1972 0 0 0 0 0 0 0 0 0 0 0 0 0 0 0 0 0 1913 2551 0 0 0 0 
10620 177862 483 1447.97 0 0 568 3899 0 0 0 0 3899 0 0 0 0 0 0 0 0 0 0 0 0 0 0 0 1298 1051 0 0 0 0 0 0 
10621 178699 142 478.385 1388 0 0 0 0 0 0 0 0 959 0 0 0 0 0 0 0 0 0 0 0 0 0 0 0 0 1687 4085 0 0 0 0 
10621 178891 334 992.72 0 0 0 0 0 932 0 0 0 1583 0 0 0 0 0 267 3893 0 0 0 0 0 0 3893 0 0 0 0 0 0 0 0 
10622 180920 1121 3184.29 0 0 0 2077 0 0 0 1718 341 0 0 0 0 0 0 0 0 0 0 0 0 0 0 0 0 0 0 0 0 0 2071 1925 
10623 181464 400 1224.4 0 0 0 0 0 0 0 0 0 0 0 0 623 0 0 0 0 0 0 0 0 0 598 0 0 0 0 0 0 0 0 0 
10623 181775 711 2085.85 0 0 0 0 0 0 0 0 0 0 0 0 518 0 0 0 0 0 0 0 0 0 534 0 0 0 0 0 0 0 0 0 
10623 182287 1223 3547.65 0 0 0 0 0 1123 0 0 0 1089 0 0 0 0 0 0 0 0 793 0 764 0 270 0 0 0 0 0 0 0 0 0 
10624 182490 190 558.341 0 0 0 0 0 0 0 0 0 0 0 0 0 4055 3454 0 1911 0 0 0 0 0 0 1630 0 0 0 0 0 0 0 0 
10624 182616 316 919.591 0 0 0 0 657 0 786 0 0 0 0 0 0 0 0 0 0 0 0 0 0 0 0 0 0 0 0 0 0 0 0 0 
10625 184443 915 2716.66 0 0 0 0 1038 0 0 848 0 0 0 0 0 0 0 522 0 928 0 1650 0 771 0 0 0 0 0 0 0 0 0 0 
10626 185660 907 2537.73 0 0 0 0 0 1304 0 0 0 0 0 2780 0 0 0 0 0 1324 0 0 1405 0 0 0 0 534 0 317 0 0 0 0 
10626 185928 1175 3297.64 0 0 1344 0 0 0 0 0 0 0 0 0 0 0 0 0 0 0 705 0 0 877 0 0 0 0 0 0 0 0 0 0 
10627 187169 1148 3301.49 0 2010 0 0 0 0 0 0 0 1900 0 0 0 0 0 0 0 0 0 0 0 0 0 0 0 0 0 0 2854 1657 0 0 
10628 187543 260 704.172 0 0 0 0 0 0 0 0 0 0 0 827 0 0 0 0 0 0 0 0 0 0 0 0 0 0 0 539 0 0 0 0 
10629 188023 360 1028.13 0 0 0 0 0 0 0 0 0 0 0 0 0 0 0 3835 0 1269 0 3571 0 1010 0 0 0 0 0 0 0 0 0 0 
10629 188740 1077 3102.09 0 0 0 2340 0 0 0 1137 413 0 0 0 0 0 0 0 0 0 1100 0 948 0 0 0 0 0 0 0 0 0 0 0 
10632 192008 624 1838.7 0 0 0 0 0 355 0 0 1135 556 0 0 1814 1715 0 0 0 0 0 0 0 0 2403 0 0 0 0 0 0 0 0 0 
10634 193811 32 85.3553 287 316 1247 0 0 0 0 0 0 0 1511 0 0 0 0 0 0 0 0 0 0 0 0 0 0 0 0 0 1220 1292 0 0 
10634 194299 520 1511.83 0 0 0 0 0 0 0 0 0 0 0 0 0 0 0 0 0 1127 0 0 485 0 0 0 0 0 0 154 2295 0 0 0 
10634 194469 690 2010.3 0 0 1811 0 0 0 0 0 1043 0 0 0 0 0 0 0 0 1032 0 0 0 751 0 0 0 0 0 0 0 0 0 0 
10635 195754 759 2211.15 0 0 0 0 0 0 0 0 0 0 0 0 0 0 0 0 0 0 1666 0 834 0 0 0 2900 3353 0 0 0 0 0 0 
10637 197703 256 708.324 0 0 0 0 0 0 0 0 0 686 0 0 0 0 0 0 0 2334 0 0 0 1591 0 0 0 0 0 0 0 0 3971 3971 
10637 197895 448 1255.27 0 0 0 0 0 0 0 0 0 0 0 590 0 0 0 0 0 0 0 0 0 0 0 0 0 0 0 598 0 0 0 0 
10637 197977 530 1484.48 0 0 0 0 0 0 0 0 0 0 0 0 0 0 0 509 0 0 0 560 0 0 0 0 0 0 0 0 0 0 0 0 
10639 198846 20 50.2833 0 0 0 0 0 0 0 0 0 0 0 0 0 0 0 0 0 0 2784 0 0 1395 0 0 1237 1294 0 0 0 0 0 0 
10639 199965 1139 3387.03 0 0 0 0 0 0 0 0 0 0 1401 0 0 0 0 0 0 0 810 0 654 0 0 0 0 0 0 0 0 0 0 0 
10641 201298 46 125.133 0 0 0 0 0 0 0 0 0 0 0 0 0 0 0 527 0 0 0 862 0 0 0 0 0 0 0 0 0 0 0 0 
10641 201905 653 1956.44 671 589 0 0 0 0 0 0 0 0 0 0 0 0 0 0 0 0 0 0 0 0 0 0 0 0 0 0 0 0 0 0 
10641 202195 943 2845.02 0 0 0 0 0 0 1069 0 0 0 0 0 0 0 0 2958 0 3947 0 2395 0 3947 0 0 0 0 0 0 0 0 0 0 
10641 202364 1112 3341.45 0 0 0 0 0 1036 0 1259 0 0 0 0 0 0 0 0 926 0 824 0 0 402 0 4030 0 0 0 0 0 0 0 0 
10641 202422 1170 3499.22 0 0 0 0 0 0 0 0 0 0 0 0 524 0 0 0 0 0 0 0 0 0 514 0 0 0 0 0 0 0 0 0 
10642 203116 653 1921.68 0 0 0 0 0 0 0 0 0 0 0 0 0 0 0 0 0 0 0 0 0 0 0 0 0 0 0 0 0 0 578 677 
10643 203866 167 491.43 1166 0 0 0 0 0 0 0 0 646 0 0 0 0 0 0 0 1303 0 0 0 1275 0 0 0 0 0 0 0 0 0 0 
10643 204318 619 1826.35 0 0 0 2000 0 0 0 0 0 1269 0 0 0 0 0 0 0 0 1714 0 1266 0 0 0 0 0 0 0 0 0 0 0 
10644 205671 759 2196.02 0 0 0 0 0 0 0 0 0 0 742 0 0 0 0 0 0 1113 0 0 0 458 0 0 0 0 0 0 3997 3997 0 0 
10645 206485 328 944.983 0 0 0 0 0 0 0 0 0 0 0 0 714 0 0 0 0 0 0 0 0 0 561 0 0 0 0 0 0 0 0 0 
10646 207679 262 703.981 0 0 0 0 0 2742 0 0 1361 0 0 0 0 0 2977 0 0 0 0 0 0 0 0 0 0 0 0 0 0 0 0 0 
10646 208049 632 1803.8 0 0 0 0 0 0 0 0 0 0 0 0 0 0 0 0 0 827 0 0 720 0 0 0 0 0 0 0 3159 0 0 2188 
10647 209179 525 1631.98 0 0 0 0 0 0 0 0 0 0 0 0 0 0 0 0 0 0 0 0 0 0 0 0 4017 4017 0 0 0 0 0 0 
10647 209288 634 2013.36 0 0 0 0 0 0 0 0 0 0 0 0 0 0 0 0 0 0 0 0 0 0 0 0 0 0 0 0 0 0 729 778 
10652 211210 187 512.619 235 0 0 0 0 0 0 0 0 0 0 0 0 0 0 0 0 0 0 0 0 0 0 0 3372 0 0 4068 0 0 0 0 
10652 211387 364 1063.8 0 0 0 0 0 0 898 0 0 0 0 0 0 0 0 3879 0 0 0 3891 0 0 0 0 0 0 0 0 0 0 2690 3320 
10652 211789 766 2287.63 0 0 0 525 0 0 0 219 0 0 0 0 0 0 0 0 0 0 0 0 0 0 0 0 0 0 0 0 0 0 0 718 
10653 212469 237 702.857 0 0 0 0 0 0 0 0 0 0 0 0 3206 0 0 0 0 1352 0 0 0 906 1399 0 0 0 0 0 0 0 0 0 
10653 212940 708 2092.42 0 0 1213 0 0 0 0 0 0 0 1492 0 0 0 0 0 0 3850 0 0 2541 1454 0 0 0 0 0 0 0 0 0 0 
10654 214519 1043 2969.43 0 0 0 0 0 0 0 0 0 0 0 0 0 610 517 0 0 0 0 0 0 0 0 0 0 0 0 0 0 0 0 0 
10655 215004 284 820.738 0 0 0 0 0 0 0 0 0 0 0 0 0 0 0 601 0 0 0 0 0 0 0 0 0 0 0 0 0 0 0 556 
10656 216884 913 2577.78 0 0 0 0 0 0 0 0 0 0 0 0 0 0 691 0 0 0 0 0 0 0 0 0 0 0 0 0 0 0 523 0 
10658 218599 129 389.8 0 0 649 0 0 0 0 0 634 0 0 0 0 0 0 0 0 0 0 0 0 0 0 0 0 0 0 0 0 0 0 0 
10659 219636 271 793.873 0 0 0 0 0 0 0 0 0 0 0 0 0 0 0 636 0 0 0 576 0 0 0 0 0 0 0 0 0 0 0 0 
10659 219657 292 872.788 0 0 1094 0 0 0 1032 0 0 0 0 0 0 0 0 0 0 0 0 0 0 0 0 0 0 0 0 0 0 0 0 0 
10659 219987 622 1839.81 0 2047 0 0 0 0 0 0 928 0 0 0 0 0 0 0 0 0 0 0 0 0 0 0 0 0 0 0 3262 0 0 1205 
10659 220304 939 2807.01 0 1119 0 0 0 0 0 0 0 0 0 1222 0 0 0 0 0 0 0 0 0 0 0 0 270 0 0 0 0 0 0 0 
10660 220564 8 24.6834 0 0 0 1411 0 0 0 0 0 0 0 0 0 0 0 0 0 0 1632 0 1953 0 0 0 0 0 0 0 0 0 0 0 
10660 221139 583 1587.81 0 0 0 0 0 0 0 0 0 0 0 0 0 0 0 517 0 0 0 501 0 0 0 0 0 0 0 0 0 0 0 0 
10661 222527 729 2249.95 0 0 0 0 0 0 1186 0 0 0 0 0 0 0 0 4075 0 888 0 4087 0 867 0 0 0 0 0 0 0 0 0 0 
10661 222649 851 2630.77 0 0 0 0 0 0 0 1484 0 0 0 0 0 0 0 0 1307 0 0 0 0 0 0 1074 0 0 0 0 0 0 0 0 
10664 225611 186 529.772 0 0 0 0 0 0 0 0 0 0 0 0 504 0 0 0 0 0 0 0 0 0 589 0 0 0 0 0 0 0 0 0 
10665 226685 34 100.147 0 0 0 0 0 0 0 0 0 0 0 0 517 0 0 0 0 0 0 0 0 0 0 0 0 0 0 0 0 0 541 0 
10666 227988 60 159.059 0 0 0 0 0 0 0 0 617 0 0 0 0 547 0 0 0 0 0 0 0 0 0 0 0 0 0 0 0 0 0 0 
10666 228370 442 1222.77 0 0 0 0 0 0 0 0 0 0 0 0 0 0 680 0 0 649 0 0 0 0 0 0 0 0 0 0 0 0 0 0 
10667 229202 29 62.6804 0 0 0 1320 0 0 0 0 0 0 972 0 0 0 0 0 0 0 0 0 0 0 0 0 3487 3140 0 0 0 0 0 0 
10668 230567 174 502.87 576 0 0 0 0 0 0 0 0 0 0 565 0 0 0 0 0 0 0 0 0 0 0 0 0 0 0 0 0 0 0 0 
10668 231174 781 2180.38 0 0 0 0 0 0 0 0 0 0 0 0 0 0 0 629 0 0 0 562 0 0 0 0 0 0 0 0 0 0 0 0 
10668 231391 998 2821.24 0 0 0 0 0 0 0 0 0 0 0 0 0 0 0 0 0 1163 0 0 0 658 0 0 0 0 0 0 0 0 2692 2756 
10668 231609 1216 3432.62 0 0 0 0 0 0 0 0 0 0 0 0 0 0 572 0 0 0 0 0 0 0 0 0 0 0 0 0 0 0 0 537 
10669 232095 427 1268.87 0 0 0 0 0 0 0 0 0 0 0 0 3271 0 423 0 0 0 902 0 910 0 3807 0 0 0 0 0 0 0 0 0 
10670 233854 887 2618.56 0 0 1775 0 0 0 0 0 1081 0 0 0 0 2376 1016 0 0 0 0 0 0 0 0 0 0 0 0 0 0 0 0 0 
10671 234201 7 12.4492 0 0 0 0 0 0 0 0 0 393 0 0 306 0 0 0 0 4000 0 0 2740 1417 138 0 0 0 0 0 0 0 0 0 
10671 234259 65 172.234 0 0 0 0 0 0 0 0 0 0 0 0 0 0 0 0 0 1986 0 0 0 948 0 0 0 0 0 0 0 0 3656 3529 
10671 234760 566 1685.49 0 0 0 0 0 0 0 0 1196 379 0 0 2837 0 0 0 0 0 0 0 0 0 3045 0 0 0 0 0 0 0 0 0 
10671 234977 783 2267.92 0 0 1069 0 0 0 0 1076 0 0 0 0 0 0 0 1032 0 1810 0 170 0 934 0 0 0 0 0 0 0 0 0 0 
10671 235127 933 2626.24 0 676 0 0 0 0 0 0 0 0 0 504 0 0 0 0 0 0 0 0 0 0 0 0 0 0 0 0 0 0 0 0 
10672 235935 473 1397.43 0 0 0 892 0 0 0 0 0 0 0 0 0 0 0 0 0 0 0 0 0 0 0 0 0 0 0 844 0 0 0 0 
10672 236293 831 2474.61 0 0 0 0 0 0 0 0 0 0 574 0 0 0 0 0 0 647 0 0 0 0 0 0 0 0 0 0 0 0 0 0 
10672 236437 975 2948.67 0 0 0 576 0 0 0 0 0 0 0 0 0 0 0 0 0 0 0 0 0 0 0 0 0 0 0 550 0 0 0 0 
10673 236814 154 484.514 0 0 0 0 0 0 0 0 0 0 0 0 0 0 0 0 0 0 0 0 0 0 0 0 0 0 0 0 0 0 752 554 
10673 236835 175 535.354 0 0 0 0 0 0 0 0 0 1160 0 0 0 0 0 0 0 1196 0 0 953 0 0 0 0 0 0 0 0 0 0 0 
10674 238018 125 400.55 0 0 0 0 248 2165 0 0 0 3947 0 0 0 0 0 0 0 0 0 0 0 0 3959 0 0 0 0 0 0 0 0 0 
10674 238318 425 1253.48 1270 0 0 0 0 0 0 0 0 0 1380 0 0 0 0 0 0 0 1057 0 0 848 0 0 0 0 0 0 0 0 0 0 
10676 240463 96 231.917 0 0 0 0 0 0 0 0 0 0 0 0 0 0 0 524 0 0 0 0 0 0 0 0 0 0 0 0 0 0 0 509 
10676 240679 312 860.383 0 0 0 0 0 932 0 1025 0 0 0 0 0 0 3233 0 0 0 0 0 0 0 0 0 0 0 0 0 0 0 0 0 
10676 240783 416 1180.91 0 0 0 0 0 0 0 0 0 0 0 0 0 634 776 0 0 0 0 0 0 0 0 0 0 0 0 0 0 0 0 0 
10676 241168 801 2350.11 0 0 0 0 0 0 0 0 0 0 0 0 0 0 0 549 0 0 0 0 0 0 0 0 0 0 0 0 0 0 0 572 
10676 241419 1052 3091.47 0 2314 0 0 0 0 0 0 0 0 0 1417 0 0 0 0 0 0 0 0 0 0 0 0 0 0 0 0 0 0 0 0 
10679 242602 1014 2947.02 0 0 0 0 0 0 0 0 0 0 0 0 575 0 0 0 0 0 0 0 0 0 690 0 0 0 0 0 0 0 0 0 
10680 243025 209 656.131 0 0 0 1672 0 0 0 0 0 0 2018 0 0 3188 0 0 0 0 0 0 0 840 0 0 0 0 0 0 0 0 0 0 
10681 245130 1142 3309.04 0 0 0 0 0 0 0 0 0 0 0 0 0 0 0 0 0 0 0 0 0 0 0 0 0 0 0 0 0 0 737 831 
10681 245196 1208 3475.15 0 0 0 1229 0 0 0 0 0 0 0 1984 0 0 0 0 0 0 0 0 0 0 0 0 0 0 4041 4041 0 0 0 0 
10683 246862 385 1103.79 1115 0 0 0 0 0 0 0 0 0 336 0 0 0 0 0 0 1386 0 0 0 877 0 0 0 0 0 0 0 0 0 0 
10683 247227 750 2086.85 0 0 0 0 0 0 0 0 0 0 0 0 0 0 0 0 0 0 0 0 0 0 0 0 0 0 0 593 640 0 0 0 
10685 249316 382 1154.58 0 0 1090 0 0 0 0 0 2117 0 0 0 0 0 0 0 0 0 620 0 0 859 0 0 0 0 0 0 0 0 0 0 
10686 250210 79 221.391 0 1204 0 0 0 0 0 0 0 0 0 0 0 0 0 449 0 4064 0 3991 608 4064 0 0 0 0 0 0 0 0 0 868 
10686 250875 744 2167.69 0 0 1846 0 0 0 0 0 0 1502 0 0 0 0 0 0 0 0 0 0 0 0 0 0 1607 2356 0 0 0 0 0 0 
10688 253163 602 1712.38 0 0 0 0 0 0 0 0 0 0 0 604 0 0 0 0 0 0 0 0 0 0 0 0 0 867 0 0 0 0 0 0 
10688 253686 1125 3245.59 0 0 0 2517 0 0 0 0 0 0 2304 266 0 0 0 0 0 0 0 0 0 0 0 0 1805 2429 0 0 0 0 0 0 
10689 254680 878 2480.59 532 0 0 0 0 0 0 0 0 0 0 0 517 0 0 0 0 0 0 0 0 0 0 0 0 0 0 0 0 0 0 0 
10691 255944 317 931.537 0 0 0 0 0 0 0 0 0 0 340 0 0 0 0 0 0 0 0 0 0 0 0 0 1826 2091 0 0 0 0 0 0 
10691 256100 473 1405.48 1114 0 0 0 0 0 0 0 0 0 0 1669 0 0 0 0 0 0 0 0 0 0 0 0 0 0 0 2836 0 0 0 0 
10691 256178 551 1600.88 0 0 1203 0 0 0 0 0 0 0 0 1749 0 0 0 0 0 1027 0 0 1485 0 0 0 0 0 0 0 0 0 0 0 
10691 256627 1000 2948.47 0 0 0 602 0 0 0 0 0 0 0 0 0 0 0 0 0 0 0 0 0 0 0 0 0 0 0 0 0 567 0 0 
10693 257195 220 633.738 0 0 0 0 0 0 1685 0 0 0 0 0 0 0 0 0 0 3558 0 245 0 2859 0 0 0 0 0 0 0 0 0 195 
10694 258516 289 841.634 978 0 0 0 0 0 0 0 0 0 0 2198 0 0 0 0 0 0 0 0 0 0 0 0 0 0 0 0 3278 3027 0 0 
10695 259479 47 136.11 2884 327 0 0 0 0 0 1033 2554 0 0 0 0 0 0 607 0 0 0 3025 0 0 0 0 0 0 0 0 0 0 0 1205 
10695 259650 218 635.753 0 0 0 0 0 0 0 0 0 0 0 0 0 0 0 0 0 806 0 0 910 0 0 0 0 0 0 0 1869 1648 0 0 
10695 259964 532 1526.96 0 0 0 0 0 0 0 0 0 0 0 0 1932 0 0 0 0 0 0 0 0 0 0 0 3878 3878 0 0 0 0 0 0 
10696 260986 325 927.893 0 2623 431 0 0 0 0 0 0 3851 0 0 0 0 0 0 0 0 890 0 0 962 0 0 0 0 0 0 0 0 0 0 
10696 261103 442 1313.51 0 0 0 0 0 0 971 0 0 0 0 0 0 0 0 3986 0 1781 0 3998 0 1405 0 0 0 0 0 0 0 0 0 0 
10697 262305 442 1301.1 0 0 0 0 0 0 1212 0 0 0 0 0 0 4044 4044 0 4056 0 0 0 0 0 0 3430 0 0 0 0 0 0 0 0 
10697 263026 1163 3304.87 0 0 0 0 0 0 832 0 0 0 0 0 0 0 0 0 0 0 975 0 1288 0 0 0 0 0 0 0 0 0 0 0 
10700 265747 179 524.151 0 0 0 0 0 0 580 0 0 0 0 0 0 0 0 0 0 0 0 0 0 0 653 0 0 0 0 0 0 0 0 0 
10700 265860 292 873.952 0 0 0 2950 291 0 0 0 0 4015 0 0 0 0 0 0 0 0 0 0 0 0 0 0 1472 1139 0 0 0 0 0 0 
10701 267048 284 834.61 1003 0 0 0 0 0 0 0 0 1672 0 0 0 0 0 0 0 1222 0 0 776 0 0 0 0 0 0 0 0 0 0 0 
10701 267586 822 2412.98 0 0 0 0 0 0 0 0 0 0 0 0 0 0 842 0 0 0 0 0 0 0 0 0 0 0 0 0 0 0 0 558 
10703 269115 152 516.385 0 0 330 1156 4036 0 0 0 4036 0 0 0 0 3363 1569 0 0 0 0 0 0 0 0 0 0 0 0 0 0 0 0 0 
10704 270162 15 43.5223 0 0 0 0 0 0 0 0 0 0 0 0 0 0 0 1091 0 0 0 708 0 0 0 0 0 0 0 0 0 0 0 0 
10705 271433 153 462.627 0 0 0 0 0 0 0 0 0 0 0 0 0 565 538 0 0 0 0 0 0 0 0 0 0 0 0 0 0 0 0 0 
10707 274194 418 1269.79 0 0 0 0 0 0 0 0 0 0 0 0 0 0 0 0 0 0 0 0 0 0 0 0 0 0 0 0 181 0 742 538 
10707 274642 866 2554.12 0 0 0 0 0 0 0 0 0 0 0 0 504 0 0 0 0 0 0 0 0 0 0 0 0 0 0 526 0 0 0 0 
10709 276482 280 891.297 0 0 0 0 979 0 0 0 0 0 2268 0 3588 0 0 0 0 0 0 0 0 0 3540 0 0 0 0 0 0 0 0 0 
10710 278198 795 2330.49 0 0 0 0 0 0 0 0 0 0 0 0 0 0 0 546 0 0 0 609 0 0 0 0 0 0 0 0 0 0 0 0 
10711 278715 104 283.843 0 610 0 0 0 0 0 0 0 0 0 1207 0 0 0 0 0 0 0 0 0 0 0 0 0 0 4020 4020 0 0 0 0 
10711 278947 336 949.61 0 0 0 0 0 0 0 0 0 0 0 0 0 501 526 0 0 0 0 0 0 0 0 0 0 0 0 0 0 0 0 0 
10711 279059 448 1275.63 0 0 0 1255 0 0 0 0 0 0 857 0 0 0 0 0 0 0 0 0 718 0 0 0 3657 0 0 2538 0 0 0 0 
10711 279455 844 2457.49 1834 0 548 1624 0 0 0 0 0 0 829 1645 0 0 0 0 0 2492 2735 0 4036 0 0 0 0 0 3021 1759 4036 4036 4036 4036 
10712 280041 195 583.577 0 0 0 0 0 0 0 0 0 0 0 0 0 0 0 199 0 2061 0 0 0 686 0 0 0 0 0 0 0 0 3048 2074 
10712 280383 537 1585.68 0 0 0 0 0 3852 318 3852 327 0 0 0 0 3852 3852 0 0 0 0 0 0 0 0 0 0 0 0 0 0 0 0 0 
10713 281437 357 1107.23 0 0 0 294 1761 0 0 1822 0 0 0 0 0 0 0 0 0 0 0 0 0 0 0 0 0 0 0 0 0 1968 1685 2047 
10713 281485 405 1271.36 0 0 0 0 0 0 0 0 0 0 0 0 0 0 0 0 0 0 0 0 0 0 0 0 0 0 1596 4020 2954 2226 0 0 
10713 281612 532 1640.89 0 0 541 0 0 0 0 0 0 0 0 0 0 0 0 0 0 0 0 501 0 0 0 0 0 0 0 0 0 0 0 0 
10713 281859 779 2347.67 0 0 0 0 0 0 1128 0 0 0 0 0 0 0 0 0 3754 0 1047 0 0 625 0 3898 0 0 0 0 0 0 0 0 
10716 284875 152 453.449 0 1079 0 0 0 0 0 0 0 800 0 0 0 0 0 0 0 0 339 0 460 0 0 0 791 0 0 214 0 0 0 0 
10716 284882 159 487.226 0 0 434 3884 0 0 0 1243 0 0 0 0 0 0 0 0 1570 0 0 2388 0 0 0 0 0 0 0 0 0 0 0 0 
10716 284962 239 720.966 0 0 0 0 0 0 0 0 0 0 0 0 0 0 0 3158 0 1371 0 3398 0 778 0 0 0 0 0 0 0 0 0 0 
10745 286604 989 3025.48 0 0 0 0 0 0 0 0 0 0 1100 716 0 0 0 0 0 914 0 0 757 0 0 0 0 0 0 0 4070 3646 0 0 
10746 286922 143 437.928 0 0 0 0 0 0 0 0 0 0 0 0 0 0 0 0 0 1343 0 0 1182 0 0 0 0 0 936 1998 0 0 0 0 
10746 287421 642 1942.99 0 0 0 0 0 0 0 0 0 0 0 0 0 0 0 0 0 1309 0 0 1475 0 0 0 0 0 0 0 3628 3538 0 0 
10747 288084 104 335.71 0 0 0 0 0 1031 0 429 0 0 0 0 0 398 3995 0 0 0 0 0 0 0 0 0 0 0 0 0 0 0 0 0 
10747 288724 744 2282.34 0 0 0 0 0 0 0 0 0 0 0 0 0 0 0 1778 0 1759 0 1253 1903 0 0 0 0 0 0 0 0 0 0 0 
10747 288738 758 2319.84 670 3930 0 0 0 0 0 0 0 0 641 3930 0 0 0 0 0 0 0 0 0 0 0 0 0 0 3942 3942 0 0 0 0 
10747 288769 789 2412.44 0 0 0 0 0 0 0 0 0 0 0 0 0 510 566 0 0 0 0 0 0 0 0 0 0 0 0 0 0 0 0 0 
10747 289005 1025 3159.19 1222 0 0 0 0 0 0 0 1220 0 0 0 0 0 0 0 3120 0 0 0 0 0 0 3786 0 0 0 0 0 0 0 0 
10748 289320 171 472.215 235 876 0 0 0 0 0 0 1050 0 0 0 0 0 0 0 0 0 0 0 0 0 0 0 0 0 0 0 0 267 0 0 
10749 290475 121 365.402 0 0 0 0 0 0 0 0 0 0 0 0 0 0 0 525 0 0 0 552 0 0 0 0 0 0 0 0 0 0 0 0 
10749 290902 548 1578.34 0 0 0 0 0 0 0 0 0 0 0 0 0 0 0 0 0 783 0 537 0 0 0 0 0 0 0 0 0 0 0 0 
10749 290937 583 1682.79 0 0 0 0 0 0 0 0 0 0 0 0 510 0 0 0 0 0 0 0 0 0 511 0 0 0 0 0 0 0 0 0 
10750 291652 79 250.721 0 0 0 0 0 625 0 0 0 0 0 0 0 0 536 0 0 0 0 0 0 0 0 0 0 0 0 0 0 0 0 0 
10750 291711 138 420.741 0 0 0 0 0 0 0 0 0 0 0 0 581 0 0 0 0 0 0 0 0 0 529 0 0 0 0 0 0 0 0 0 
10750 291724 151 454.71 0 0 0 1608 0 0 0 0 0 890 0 0 1334 0 0 0 0 0 0 0 0 0 951 0 0 0 0 0 0 0 0 0 
10750 292248 675 2007.84 0 0 0 0 0 0 0 0 0 0 0 0 0 0 0 0 0 785 0 0 732 0 0 0 0 0 3946 3946 0 0 0 0 
10750 292744 1171 3540.58 0 0 0 0 0 0 0 0 0 0 0 0 3925 3942 3689 0 0 0 3954 0 3954 3954 3954 0 0 0 0 0 0 0 0 0 
10752 294078 98 281.736 0 0 0 0 0 0 0 0 0 0 0 0 0 0 0 0 0 0 670 0 0 772 0 0 0 0 874 2973 0 0 0 0 
10752 294340 360 1028.98 0 512 0 0 0 0 0 0 0 0 0 0 0 0 565 0 0 0 0 0 0 0 0 0 0 0 0 0 0 0 0 0 
10753 295554 367 1173.35 0 0 538 0 0 0 0 0 0 0 0 0 0 0 0 0 0 742 0 0 0 0 0 0 0 0 0 0 0 0 0 0 
10753 295756 569 1789.52 0 0 0 0 0 0 0 0 0 0 0 0 0 0 0 0 0 738 0 0 696 0 0 0 0 0 962 2623 0 0 0 0 
10753 295961 774 2365.72 0 0 0 3989 0 0 0 0 0 365 3989 0 1274 0 0 0 0 0 0 0 0 0 1613 0 0 0 0 0 0 0 0 0 
10753 296198 1011 3052.62 1012 0 0 0 0 0 0 0 0 0 0 2071 0 0 0 0 0 0 0 0 0 0 0 0 0 0 0 0 2592 2776 0 0 
10753 296307 1120 3355.86 0 0 0 0 0 0 0 0 0 0 0 0 0 0 505 0 0 0 0 0 0 0 0 0 0 0 0 0 0 0 0 600 
10753 296346 1159 3493.75 0 0 0 0 0 0 0 0 0 0 0 0 0 0 0 2464 0 2494 0 2886 0 977 0 0 0 0 0 0 0 0 907 251 
10754 297435 1057 3134.1 0 0 0 0 0 0 0 0 0 0 0 0 0 0 0 0 0 0 0 0 0 0 0 0 0 0 0 0 0 0 669 505 
10755 297924 323 964.471 0 0 0 0 0 0 0 0 0 0 0 0 0 0 0 0 0 887 0 0 818 0 0 0 0 0 3656 4043 0 0 0 0 
10755 298587 986 2969.58 0 0 0 0 0 0 0 0 0 0 510 515 0 0 0 0 0 0 0 0 0 0 0 0 0 0 0 0 0 0 0 0 
10756 299752 943 2894.27 0 0 0 0 0 0 0 0 0 0 0 0 0 0 0 553 0 0 0 819 0 0 0 0 0 0 0 0 0 0 0 0 
10757 300005 17 55.1342 0 0 0 0 0 0 0 0 0 547 0 0 0 0 0 0 0 0 0 0 0 0 541 0 0 0 0 0 0 0 0 0 
10757 300581 593 1759.35 0 0 0 0 0 0 0 0 0 0 0 0 657 0 0 0 0 0 0 0 0 0 0 0 0 0 0 801 0 0 0 0 
10759 302547 111 333.745 0 0 3794 0 0 0 0 0 1065 0 0 0 0 0 0 0 0 0 2326 0 2353 0 0 0 0 0 0 0 0 0 0 0 
10759 302780 344 1048.75 0 0 0 0 0 0 0 0 0 550 0 0 0 0 0 0 0 0 0 0 0 0 0 0 0 0 0 710 0 0 0 0 
10759 302906 470 1449.99 0 0 0 400 1237 0 0 0 0 0 0 0 0 0 0 210 0 1946 0 0 0 1836 0 0 0 0 0 0 0 0 0 0 
10759 302920 484 1488.78 0 0 0 0 0 0 777 0 0 0 0 0 0 0 0 0 0 0 0 0 0 0 0 0 0 0 0 0 0 0 4067 0 
10760 304072 411 1193.13 1853 0 0 0 0 0 0 0 0 1272 0 0 0 0 0 2927 0 0 0 3920 0 0 0 0 0 0 0 0 0 0 0 0 
10760 304408 747 2091.74 0 0 0 0 0 1679 0 0 0 0 949 0 0 0 0 0 0 0 0 0 0 0 0 0 1909 1983 0 0 0 0 0 0 
10760 304474 813 2288.04 0 0 531 0 0 0 0 1327 0 0 0 0 0 0 0 4010 0 0 0 4022 0 0 0 0 0 0 0 0 0 0 0 0 
10760 304682 1021 2901.04 0 0 0 0 0 0 0 0 0 0 0 0 0 424 0 0 4066 0 0 0 0 0 0 4066 0 0 0 0 0 0 0 0 
