9952 682 682 2060.54 2146 0 0 0 0 0 0 1280 0 0 0 0 0 1415 0 0 0 0 0 0 0 517 0 0 0 0 0 0 0 0 0 0 
9953 2294 1053 2906.1 0 0 0 0 0 0 0 1218 0 0 0 0 0 0 0 0 0 0 0 0 0 0 0 0 0 0 831 1398 0 155 179 0 
9954 2833 293 890.586 0 1690 0 0 0 0 0 0 0 586 2163 0 0 0 0 0 0 0 0 0 0 0 0 0 0 0 0 0 3334 3009 0 0 
9954 3538 998 2980.8 0 0 0 0 0 0 0 0 0 0 0 0 0 0 0 738 0 0 0 603 0 0 0 0 0 0 0 0 0 0 0 0 
9955 3852 91 231.125 0 0 0 0 0 0 0 0 0 0 0 0 0 0 0 0 0 0 0 0 0 0 0 0 0 0 0 0 0 0 740 731 
9957 6760 417 1145.02 0 0 0 0 0 0 1126 0 0 0 0 0 0 0 0 2130 0 1174 0 3053 0 1021 0 0 0 0 0 0 0 0 0 0 
9957 7497 1154 3204.27 0 0 0 0 0 0 0 0 0 0 0 0 3454 0 0 0 0 0 1295 0 2977 0 3772 0 0 0 0 0 0 0 0 0 
9958 8558 919 2608.62 0 0 0 0 0 0 0 0 0 0 0 0 0 629 589 0 0 0 0 0 0 0 0 0 0 0 0 0 0 0 0 0 
9959 9967 1037 3003.45 0 0 0 0 1283 0 0 1407 0 0 0 0 0 0 0 0 0 1556 0 0 0 968 0 0 0 0 0 0 0 0 0 0 
9959 9995 1065 3077.61 0 0 0 0 0 0 0 0 0 0 0 0 0 0 0 0 0 0 0 0 0 0 0 0 0 0 0 0 559 530 0 0 
9959 10142 1212 3455.82 0 501 0 0 0 0 0 0 0 0 0 508 0 0 0 0 0 0 0 0 0 0 0 0 0 0 0 0 0 0 0 0 
9960 10337 153 439.048 0 1153 0 0 0 0 0 0 922 0 0 0 0 0 0 0 0 1011 0 0 0 971 0 0 0 0 0 0 0 0 0 0 
9961 12609 1159 3301.52 0 0 0 0 0 0 0 0 0 562 0 0 0 0 0 0 0 0 561 0 0 0 0 0 0 0 0 0 0 0 0 0 
9962 12933 228 676.926 0 0 0 1071 0 0 367 2557 0 0 0 0 0 2103 2178 0 0 0 0 0 0 0 0 0 0 0 0 0 0 0 0 0 
9962 13240 535 1571.11 0 0 0 0 1269 0 0 0 0 0 0 1242 0 0 0 0 0 0 0 0 0 0 0 0 3820 0 0 3918 0 0 0 0 
9962 13414 709 2058.58 0 0 0 0 0 0 0 558 0 0 0 0 0 0 0 0 0 0 0 0 0 0 0 0 0 0 0 0 0 0 717 0 
9963 14980 1027 2952.07 0 0 0 0 0 0 0 0 0 0 0 0 0 3991 2577 0 0 0 912 0 0 870 0 0 0 0 0 0 0 0 0 0 
9964 15905 682 1909.22 0 2415 0 0 0 0 0 2124 0 0 0 0 0 0 0 0 0 1187 0 0 0 1060 0 0 0 0 0 0 0 0 0 0 
9964 16281 1058 3049.77 0 0 0 0 0 0 0 0 0 0 0 1400 0 0 0 0 0 256 3901 0 0 3085 0 0 0 0 0 0 0 0 0 0 
10019 18611 846 2363.72 0 0 0 0 0 891 0 0 0 0 0 810 0 0 0 0 0 0 862 0 819 0 0 0 0 0 0 0 0 0 0 0 
10021 19682 333 937.016 0 0 0 0 0 0 0 0 0 0 0 0 0 0 0 603 0 502 0 0 0 0 0 0 0 0 0 0 0 0 0 0 
10021 20504 1155 3237.51 0 544 0 0 0 0 0 0 0 504 0 0 0 0 0 0 0 0 0 0 0 0 0 0 0 0 0 0 0 0 0 0 
10021 20610 1261 3540.21 0 0 0 0 0 0 0 0 0 0 0 0 0 0 0 0 0 1218 0 327 0 509 0 0 0 0 0 0 0 0 4080 4080 
10022 21774 1145 3364.96 0 0 0 0 0 0 787 0 0 0 0 0 0 0 0 0 0 0 0 0 0 0 0 0 0 0 0 0 0 0 0 820 
10022 21828 1199 3529.09 0 0 0 0 0 0 3914 0 0 0 0 0 0 0 318 0 0 0 987 0 0 771 0 0 0 0 0 0 0 0 0 0 
10023 22347 483 1306.43 0 0 0 0 0 0 0 0 0 0 0 0 0 0 0 0 0 1119 0 0 549 0 0 0 0 0 1103 2189 0 0 0 0 
10024 23475 316 870.49 0 0 0 0 1337 0 0 0 3817 0 0 0 0 0 0 0 0 0 0 0 0 0 0 0 0 0 0 0 0 0 1894 1456 
10024 23934 775 2227.93 984 0 0 0 0 0 0 0 0 0 0 0 0 0 0 4075 0 0 0 4030 0 0 0 0 0 0 0 0 0 0 0 0 
10024 24168 1009 2834.51 0 0 0 0 0 0 0 0 0 0 0 0 0 0 0 0 0 0 0 0 0 0 0 0 0 0 0 0 765 523 0 0 
10025 24834 386 1118.98 0 0 0 0 0 2029 0 0 1527 0 0 0 0 0 0 0 0 1738 0 0 1470 0 0 0 0 0 0 0 0 0 0 177 
10026 25752 97 295.242 0 0 0 0 0 0 0 0 0 0 0 0 0 0 0 0 0 0 0 0 0 0 0 0 2182 3916 0 0 0 0 0 0 
10027 27380 0 1330.77 1059 661 1419 936 2401 1063 854 3138 1634 1080 1519 1213 606 1175 1708 2455 850 1262 1254 1497 2524 2080 1185 1167 3857 641 1870 1020 1317 2098 3201 3857 
10027 27574 676 1875.57 0 0 0 0 0 1235 0 0 1243 0 0 0 0 3960 325 0 0 0 0 0 0 775 0 0 0 0 0 0 0 0 0 0 
10028 28211 26 75.4338 0 0 0 0 0 0 0 0 0 0 0 0 0 0 0 0 0 0 0 0 0 0 0 0 0 0 1563 3138 1854 0 0 0 
10028 28522 337 991.505 0 0 0 0 0 0 0 0 0 0 0 0 0 0 0 0 0 174 0 0 0 0 0 0 0 0 0 0 0 0 3975 3975 
10028 29147 962 2741.47 0 0 0 0 0 0 0 0 0 0 0 0 317 0 0 0 0 0 0 0 0 0 0 0 0 0 1668 1552 0 0 0 0 
10029 30632 1195 3452.43 0 0 0 0 0 0 0 0 0 0 0 0 0 284 658 0 0 0 0 0 0 0 0 0 0 0 0 0 0 0 516 0 
10031 32338 430 1230.54 0 0 0 0 0 0 0 0 0 0 0 0 0 0 502 0 0 0 0 0 0 0 0 0 0 0 0 0 0 0 0 859 
10031 32923 1015 2773 518 0 0 0 0 0 0 0 0 0 0 0 0 0 0 0 0 0 0 0 0 0 0 0 0 0 0 608 0 0 0 0 
10031 33091 1183 3260.03 0 0 552 0 0 0 0 0 0 561 0 0 0 0 0 0 0 0 0 0 0 0 0 0 0 0 0 0 0 0 0 0 
10032 33296 74 190.212 0 0 0 0 0 0 0 0 0 0 514 0 0 0 0 0 0 0 0 0 0 0 0 0 0 0 0 0 0 0 0 638 
10032 34040 818 2288.86 0 0 0 0 0 0 0 0 0 0 0 0 0 0 0 0 0 4000 0 0 4000 0 0 0 0 0 540 127 1716 365 4000 4000 
10032 34294 1072 2919.23 0 0 0 0 0 0 363 0 0 0 0 0 651 4043 4043 0 3998 189 3074 0 0 3998 844 3237 0 0 0 0 0 0 0 0 
10033 34739 196 619.921 0 0 0 0 0 0 0 0 0 0 0 0 617 0 0 0 0 0 0 0 0 0 0 0 573 0 0 0 0 0 0 0 
10034 36660 901 2494.29 0 0 0 0 0 0 0 0 0 0 0 0 2351 0 0 0 0 0 953 0 1120 0 2528 0 0 0 0 0 0 0 0 0 
10034 36817 1058 2989.09 0 0 0 0 0 0 1051 0 0 0 0 0 0 0 0 0 1503 0 1162 0 1044 0 0 1323 0 0 0 0 0 0 0 0 
10074 37050 5 11.7605 0 0 1319 0 0 0 0 0 0 0 1345 0 2028 0 0 0 0 0 0 0 0 0 1691 0 0 0 0 0 0 0 0 0 
10074 37683 638 1769.1 0 300 0 0 0 0 0 0 0 0 0 355 0 0 0 0 0 935 0 0 685 0 0 0 0 0 3288 4029 0 0 0 0 
10075 38427 98 308.906 0 0 2508 0 0 0 0 0 0 437 2055 0 0 0 0 0 878 0 0 0 0 0 0 667 0 0 0 0 0 0 0 0 
10075 38437 108 343.12 0 0 536 0 0 540 0 0 0 0 0 0 0 0 0 0 0 0 0 0 0 0 0 0 0 0 0 0 0 0 0 0 
10075 38950 621 1807.91 0 0 0 539 0 0 0 0 0 0 0 0 0 0 0 0 0 0 0 0 0 0 0 0 0 0 0 609 0 0 0 0 
10076 40120 562 1674.47 0 0 0 0 0 0 0 0 0 0 0 0 0 3895 3895 0 0 0 659 0 0 2171 0 0 0 0 0 0 0 0 0 0 
10078 42304 267 776.416 0 0 0 0 0 0 0 0 0 0 0 0 0 0 0 626 0 0 0 536 0 0 0 0 0 0 0 0 0 0 0 0 
10078 42473 436 1218.02 0 261 3264 0 0 0 0 0 0 0 3453 0 0 0 0 0 0 0 1114 0 1216 0 0 0 0 0 0 0 0 0 0 0 
10079 43700 365 1024.78 0 0 0 0 0 0 0 0 0 0 0 0 0 0 0 0 0 0 0 0 0 0 0 0 0 0 0 0 0 0 1095 1354 
10079 43811 476 1320.55 0 0 0 0 0 0 1651 0 0 0 0 0 0 1873 2025 0 1830 0 0 0 0 0 0 0 0 0 0 0 0 0 0 0 
10080 44842 236 726.911 0 0 0 0 0 0 0 0 0 0 0 0 0 3197 3949 0 0 0 864 0 0 536 0 0 0 0 0 0 0 0 0 0 
10080 45712 1106 3232.43 0 1018 0 0 0 0 0 0 0 0 0 1323 0 0 0 0 0 0 2733 0 1039 0 0 0 0 0 0 0 0 0 0 0 
10081 45905 65 221.102 0 0 3902 0 0 0 0 0 0 799 399 0 0 0 0 0 2518 1745 0 0 0 621 0 0 0 0 0 0 0 0 0 0 
10081 46778 938 2725.88 0 0 1084 0 0 0 0 0 0 0 0 1150 0 0 0 0 0 0 629 0 1512 0 0 0 0 0 0 0 0 0 0 0 
10082 47820 731 2105.63 0 0 0 0 1597 0 0 0 0 1339 0 0 0 0 0 0 0 0 1367 0 723 0 0 0 0 0 0 0 0 0 0 0 
10083 48702 334 893.802 0 0 0 0 0 0 0 0 0 0 0 0 340 790 657 0 0 0 0 0 0 0 0 0 0 0 0 0 0 0 0 0 
10083 48820 452 1228.91 0 0 0 0 0 980 0 1034 0 0 0 0 0 301 0 0 0 0 491 0 0 645 0 3975 0 0 0 0 0 0 0 0 
10083 48925 557 1559.37 0 0 1189 0 0 0 0 0 0 0 0 944 0 0 0 0 0 0 0 0 0 0 0 0 0 0 2375 3623 0 0 0 0 
10083 49304 936 2620.49 0 0 0 0 0 0 896 0 0 0 0 0 0 0 0 0 3995 0 1552 0 0 707 0 3995 0 0 0 0 0 0 0 0 
10085 51131 212 627.642 0 1894 0 0 0 0 0 0 0 0 1373 0 0 0 0 0 0 0 1001 0 666 0 0 0 0 0 0 0 0 0 0 0 
10085 51955 1036 2944.65 0 0 0 0 0 0 0 0 0 0 0 0 610 0 0 0 0 0 0 0 0 0 0 0 0 0 0 949 0 0 0 0 
10086 52600 417 1246.7 0 0 0 0 538 574 0 0 0 0 0 0 0 0 0 0 0 0 0 0 0 0 0 0 0 0 0 0 0 0 0 0 
10088 55469 806 2303.97 0 0 0 0 566 0 0 0 0 0 0 0 0 0 0 0 0 0 0 0 0 0 0 0 0 0 0 0 0 622 0 0 
10089 56171 250 725.469 0 0 0 0 0 0 0 0 0 0 0 0 0 0 0 0 0 0 0 0 0 0 0 0 0 0 0 0 3931 0 0 3931 
10115 57548 170 522.812 0 0 0 0 0 0 0 0 0 0 0 0 533 0 0 0 0 0 0 0 0 0 689 0 0 0 0 0 0 0 0 0 
10115 57905 527 1547.21 243 279 0 558 252 405 455 253 451 373 355 648 0 236 0 0 0 0 0 155 0 118 132 0 0 0 0 122 0 195 181 136 
10115 57911 533 1567.88 1145 736 1388 1106 2395 881 680 2905 1921 1080 1352 1419 796 886 1857 2771 691 1037 914 1214 1864 2139 1220 1255 3940 621 1431 999 1071 1978 2663 3940 
10115 57913 535 1579.38 951 576 1191 828 1806 807 688 2511 1377 1176 1269 914 606 918 1539 2081 777 1188 1163 1049 1894 2105 1216 1031 3923 699 1462 1146 1045 1830 2443 3938 
10115 57916 538 1590.84 1229 627 1490 991 2214 1025 604 2960 1694 1157 1715 1199 621 1145 1729 2742 581 1128 1358 1226 1527 1621 1149 905 3377 811 1406 1116 1118 1326 2547 3756 
10115 57920 542 1601.01 1392 722 1127 1235 2330 876 959 2914 1662 1361 1863 1538 635 1106 1666 2924 1066 1118 1569 1524 2082 2605 1559 1297 3931 741 2042 1411 1412 2068 3049 3931 
10115 57925 547 1615.02 1106 586 1250 913 1968 961 783 3477 1704 1495 1370 1090 853 876 1934 2800 650 983 918 1537 1331 2008 1113 914 3565 785 1319 1046 1118 2292 2513 3926 
10115 57928 550 1620.79 1342 779 1246 967 2273 717 804 3474 1852 950 1981 1193 764 1068 1947 2474 1101 871 1283 1379 2398 2037 1443 1297 3923 639 1629 1301 1011 1703 2472 3923 
10115 57934 556 1640.53 960 550 1494 880 2412 776 698 2630 1803 1327 1727 1199 708 1090 1292 2343 752 1075 855 1647 1674 2167 1074 902 3726 823 1545 1035 1192 1804 2773 3917 
10115 57938 560 1647.05 1153 764 1553 979 2359 1004 717 3377 1750 1276 1386 1197 944 1199 2037 3305 741 1085 1041 1151 2018 2234 1111 1121 3913 526 1664 1095 753 1542 2090 3913 
10115 57943 565 1658.15 1484 725 1416 1162 2482 892 615 3401 1825 1531 1687 1470 833 945 1859 3055 652 1327 1176 1413 1658 2274 1245 1277 3908 524 1817 934 1080 1952 3283 3908 
10115 57946 568 1665.85 857 614 1114 924 1895 726 782 3054 1761 1222 1369 1193 712 964 1606 2436 680 964 774 1346 1741 1913 1285 1256 3905 760 1458 1171 967 2217 2176 3905 
10115 57950 572 1681.04 896 726 1154 1044 2047 1056 775 2955 1830 1403 1639 1267 724 989 1647 2850 576 1027 1194 1620 1854 2040 1254 834 3901 521 1731 1259 932 1993 2527 3674 
10115 57952 574 1690.47 999 886 1391 1058 2971 870 863 3072 1796 1191 1613 1450 618 1027 1649 3176 495 942 936 1370 1729 1848 1097 767 3532 542 1874 1126 997 1632 2497 3826 
10115 57960 582 1708.08 1158 871 1440 838 2129 1077 754 2867 1679 1282 1691 1468 657 936 1698 2974 438 950 848 1092 1405 2170 1104 1053 3467 501 1369 783 771 1335 2597 3388 
10115 57962 584 1711.34 1157 670 1063 1382 2640 740 831 3398 2126 1188 1648 1157 881 1128 2204 3399 819 1124 1232 1265 2244 2178 1049 1284 3889 724 1967 1229 1216 1586 2836 3889 
10115 57967 589 1730.63 1165 561 1168 1177 2350 744 789 2804 1518 1231 1270 1139 736 1034 1646 2835 674 1124 1366 1447 1728 1866 1088 953 3884 421 1536 1139 1097 1957 2701 3884 
10115 57970 592 1736.65 923 587 1341 1208 2784 985 705 3546 1490 1313 1464 1363 808 946 1977 2831 864 1172 1029 1441 1738 1856 1198 1150 3523 803 1554 1163 988 1786 2230 3881 
10115 57975 597 1755.83 1355 808 1338 1268 3125 999 811 3897 1734 1154 1795 1171 692 1124 1833 3215 809 1022 1435 1581 2013 2283 1326 1281 3876 797 2075 1361 972 2084 2750 3876 
10115 57977 599 1765.15 1564 616 1036 974 2292 833 867 3697 2006 1249 974 1237 657 1029 1765 2411 795 1154 1104 1516 2310 2450 1619 1319 3874 767 2254 1460 1232 2282 3069 3874 
10115 57980 602 1772.4 794 647 1157 975 1836 757 563 3495 1627 1201 1328 1131 858 928 1606 2506 667 1088 937 1051 2028 1413 1022 551 3286 449 972 1096 679 1384 2334 3482 
10115 57985 607 1793.42 999 823 1433 1019 2402 843 941 2908 1648 1216 1746 1326 794 1074 1779 2864 751 1259 1386 1404 1822 2375 1170 923 3866 750 1867 975 778 2522 2678 3866 
10115 57986 608 1794.45 802 664 1226 967 2079 979 780 2981 1527 1174 1955 977 688 1066 1772 2805 832 1034 1279 1281 2054 2289 973 924 3865 637 1284 1146 1060 1671 2224 3865 
10115 57994 616 1815.67 1004 647 1066 947 2011 733 928 3033 1609 1138 1188 1139 718 952 1568 2849 725 852 1594 1220 1951 2285 1232 1262 3857 675 1696 1168 1497 1456 2422 3857 
10115 57999 621 1828.73 1591 616 1300 1038 2716 891 694 2577 1521 1193 1746 1337 619 1133 1893 3018 485 874 832 1213 1148 1849 1180 768 3798 502 1103 888 909 1070 2218 3449 
10115 58002 624 1838.67 1013 676 1218 1135 2396 819 753 3533 1589 1029 1460 1167 725 979 1834 2620 851 1003 899 1291 1897 2119 1138 1288 3616 701 1456 1051 1302 1818 2593 3849 
10115 58005 627 1847.67 1144 650 1439 1071 2347 913 992 3867 1728 1318 1424 1071 551 1015 1858 2506 677 916 800 1586 1611 1879 1129 988 3846 584 1599 1219 899 1704 2516 3789 
10115 58013 635 1863.38 1334 624 1252 878 2309 997 871 3859 2315 1040 1408 1430 647 1070 1902 3194 695 927 1186 1463 1749 2134 1410 1197 4074 639 1785 1122 1278 1915 2443 4090 
10115 58018 640 1880.64 1214 786 1277 868 2989 1019 673 3258 1705 1080 1613 1138 628 1329 1864 3361 462 1153 1136 1337 1827 2207 942 918 4085 774 1513 954 1122 1808 2416 3989 
10115 58022 644 1896.84 1088 496 1373 890 2165 729 692 3446 1754 1266 1573 1463 785 944 1565 2800 566 1085 1207 1273 1900 1746 1464 1364 4081 650 1502 1246 1306 1798 2277 4081 
10115 58026 648 1909.32 1141 864 1376 1455 2878 1027 684 3846 1855 1445 1814 1274 819 1252 2163 3302 615 1225 1035 1206 1949 2211 1323 925 3904 679 1797 1406 1263 2259 2634 4077 
10115 58028 650 1917.88 991 600 1203 1077 2092 810 726 3045 1338 1059 1416 1393 782 918 1879 2566 777 877 1126 1290 1845 2003 1046 930 3927 468 1407 1035 1140 1552 2278 3977 
10115 58031 653 1934.22 1100 810 1171 1024 2295 1012 772 3024 1579 1417 1666 1165 730 959 1932 2803 906 1088 1483 1482 2075 2100 1372 1475 4072 812 1872 1383 1254 1728 2860 4072 
10115 58036 658 1948.14 1437 704 1568 948 2477 828 446 3101 1746 950 1096 1216 659 1134 1857 2786 607 1006 1007 1427 1992 1895 1337 1038 3677 717 1519 899 779 1786 2801 4067 
10116 59063 1023 2942.31 0 0 0 0 0 0 0 0 0 0 0 694 0 0 503 0 0 0 0 0 0 0 0 0 0 0 0 0 0 0 0 0 
10116 59237 1197 3441.79 0 0 0 0 0 0 0 0 0 0 0 0 0 0 526 0 0 0 0 0 0 0 528 0 0 0 0 0 0 0 0 0 
10117 59843 554 1593.5 0 0 0 548 0 0 0 0 0 0 0 0 0 0 0 0 0 0 0 0 0 0 0 0 0 0 0 551 0 0 0 0 
10117 60257 968 2787.68 0 0 0 1134 0 0 0 0 0 0 1479 0 0 0 0 0 0 1957 0 0 1890 0 0 0 0 0 0 0 0 0 0 0 
10117 60560 1272 3594.26 973 588 1328 787 1822 773 1051 3277 1406 1012 1828 1388 792 731 1595 2437 0 0 0 189 0 0 0 0 0 0 0 0 0 0 0 0 
10117 60561 1273 3595.34 0 0 0 0 0 0 0 0 0 0 0 0 538 0 0 0 684 1213 1335 1239 2112 2214 1330 1146 4044 549 1627 1224 1049 1938 2877 4044 
10118 60992 430 1257.57 0 901 0 0 0 0 0 1089 0 0 0 0 0 0 0 0 0 0 875 0 0 615 0 1047 0 0 0 0 0 0 0 0 
10118 61055 493 1438.95 0 0 549 0 0 0 0 0 0 538 0 0 0 0 0 0 0 0 0 0 0 0 0 0 0 0 0 0 0 0 0 0 
10118 61327 765 2189.6 0 0 3462 0 0 0 0 0 0 0 1634 0 0 0 0 0 0 0 0 0 0 0 0 0 0 0 0 0 1084 1285 0 0 
10118 61732 1170 3416.44 0 0 0 0 0 0 0 0 0 0 0 0 0 0 0 0 0 808 0 0 527 0 0 0 0 0 3818 3880 0 0 0 0 
10119 62812 1016 2804.98 0 0 0 0 0 0 0 0 0 0 0 0 0 0 0 0 0 4060 0 0 4060 0 0 0 0 0 0 156 4060 3791 0 0 
10120 63870 766 2195.48 0 0 0 1399 0 0 0 0 0 840 0 0 0 0 0 0 0 1275 0 0 643 0 0 0 0 0 0 0 0 0 0 0 
10120 63953 849 2438.3 511 0 0 0 0 0 0 0 0 0 0 0 0 0 0 0 0 0 0 552 0 0 0 0 0 0 0 0 0 0 0 0 
10120 64302 1198 3438.04 0 0 0 0 0 0 0 0 0 0 0 0 0 0 0 530 0 0 0 571 0 0 0 0 0 0 0 0 0 0 0 0 
10120 64360 1256 3600.55 1600 0 0 0 0 0 0 0 0 0 0 1335 0 0 0 0 0 0 1281 0 0 940 0 0 0 0 0 0 0 0 0 0 
10122 66581 973 2658.04 0 0 0 0 0 0 0 0 0 0 0 0 0 0 0 0 0 1175 0 0 795 0 0 0 0 0 3115 2317 0 0 0 0 
10123 67070 170 512.842 3059 0 0 0 0 0 0 0 2027 0 0 0 0 0 0 0 0 0 0 0 0 0 0 0 0 0 0 0 0 0 3861 3949 
10124 68591 465 1246.66 0 0 0 0 0 0 1305 0 0 0 0 0 0 0 0 3845 0 1148 0 4076 0 762 0 0 0 0 0 0 0 0 0 0 
10129 70536 1118 3267.72 0 0 0 0 0 0 608 0 0 0 0 0 0 0 0 0 0 0 0 0 0 0 0 0 0 0 0 0 0 0 0 959 
10130 71158 510 1379.99 0 0 0 0 0 1127 0 0 0 0 941 0 0 0 0 0 0 0 1232 0 0 788 0 0 0 0 0 0 0 0 0 0 
10130 71577 929 2604.06 0 0 0 0 0 0 970 0 0 0 0 0 0 0 0 0 0 0 986 2467 1280 0 0 0 0 0 0 0 0 0 0 0 
10133 75689 1179 3367.93 0 0 0 0 0 0 0 0 0 0 0 704 0 0 0 0 0 0 0 0 0 0 0 0 0 0 0 0 0 0 634 0 
10134 75931 157 442.315 0 0 0 0 0 0 1068 0 0 0 0 0 0 0 0 0 0 0 1041 0 0 701 0 1429 0 0 0 0 0 0 0 0 
10134 76379 605 1703.57 0 0 0 0 0 0 373 0 0 0 0 0 0 0 0 793 0 0 0 743 0 0 0 0 0 0 0 0 0 0 0 0 
10134 76490 716 2030.37 0 0 1102 0 0 0 0 0 0 959 0 0 0 0 0 0 0 0 0 0 0 0 0 0 0 0 0 0 2254 0 0 0 
10134 76566 792 2230.27 0 0 0 0 0 0 0 0 0 0 0 1056 0 0 0 0 0 0 0 0 0 0 0 0 499 3013 0 0 0 0 0 0 
10134 76869 1095 3129.01 0 0 0 0 0 0 0 0 0 0 0 0 0 528 641 0 0 0 0 0 0 0 0 0 0 0 0 0 0 0 0 0 
10135 78097 1075 2962.32 0 0 1217 0 0 0 0 0 0 0 0 1894 0 0 0 0 0 0 0 0 0 0 0 0 0 0 0 0 1147 1574 0 0 
10136 79639 1307 3523.72 0 0 0 0 0 0 0 0 0 0 0 0 0 0 0 519 0 0 0 619 0 0 0 0 0 0 0 0 0 0 0 0 
10137 79839 173 447.064 0 1652 0 0 0 0 0 1031 0 0 0 0 0 0 0 3096 0 0 0 3958 0 0 0 0 0 0 0 0 0 0 0 0 
10137 80416 750 2125.79 0 0 0 0 0 0 0 0 0 0 0 0 0 0 0 0 0 0 830 0 800 0 0 0 0 0 3978 3978 0 0 0 0 
10137 80731 1065 3015.75 0 0 0 0 0 0 0 0 0 0 0 0 0 1917 2698 0 0 0 2538 0 0 2402 0 0 0 0 0 0 0 0 0 0 
10138 81674 737 2093.92 0 0 0 0 0 0 902 0 0 0 0 0 0 0 0 0 0 2647 0 2597 0 591 0 0 0 0 0 0 0 0 0 0 
10138 81795 858 2430.83 0 0 0 0 0 0 0 0 0 0 0 0 0 3878 3878 0 0 0 3858 0 0 3858 0 0 0 0 0 0 0 0 0 0 
10139 82210 32 112.453 0 0 0 0 0 0 0 0 0 0 0 0 0 678 0 0 0 0 0 0 0 0 517 0 0 0 0 0 0 0 0 0 
10140 83690 246 705.136 0 0 0 0 0 1800 0 0 0 0 0 1744 0 0 0 0 0 0 0 0 0 0 0 0 2852 3305 0 0 0 0 0 0 
10141 84875 109 320.967 247 3966 0 0 0 0 493 4072 0 0 0 0 0 0 0 4072 0 0 0 4052 0 0 0 0 0 0 0 0 0 0 0 0 
10141 85778 1012 2985.52 0 0 0 0 0 0 0 0 0 0 0 0 0 950 535 0 0 0 0 0 0 0 0 0 0 0 0 0 0 0 0 0 
10141 85900 1134 3313.17 0 0 0 0 0 0 0 0 0 538 0 0 0 260 537 0 0 0 0 0 0 0 0 0 0 0 0 0 0 0 0 0 
10142 86220 217 578.956 0 0 0 0 0 0 0 0 695 519 0 0 0 0 0 0 0 0 0 0 0 0 0 0 0 0 0 0 0 0 0 0 
10142 86351 348 967.415 0 0 0 0 0 0 0 0 0 0 0 0 642 0 0 0 0 0 0 0 0 0 0 0 0 0 0 819 0 0 0 0 
10142 86713 710 1967.93 0 0 0 0 0 0 0 0 0 0 0 0 0 3998 582 0 0 0 1042 0 0 538 164 0 0 0 0 0 0 0 0 0 
10142 86779 776 2180.08 1573 0 0 0 0 0 0 0 0 1705 0 0 0 0 0 0 0 1479 0 0 1368 0 0 0 0 0 0 0 0 0 0 0 
10142 86805 802 2254.33 0 0 0 0 0 0 0 0 0 609 0 0 0 0 0 0 0 560 0 0 0 0 0 0 0 0 0 0 0 0 0 0 
10143 87779 514 1404.47 0 1709 0 0 0 0 0 0 1077 0 0 0 0 0 0 2976 0 0 0 2547 0 0 0 0 0 0 0 0 0 0 0 0 
10144 88734 201 588.632 0 0 0 0 0 0 0 0 0 606 0 0 0 0 547 0 0 0 0 0 0 0 0 0 0 0 0 0 0 0 0 0 
10144 88749 216 624.507 0 0 0 0 0 1183 0 1335 0 0 0 0 0 0 0 0 2672 0 0 0 0 0 0 3956 0 0 0 0 0 0 0 0 
10145 89953 189 554.51 0 0 0 0 0 0 1102 0 0 0 0 0 0 0 0 4032 0 880 0 505 0 675 0 0 0 0 0 0 0 0 0 0 
10145 90440 676 1880.74 0 0 0 0 0 1195 1409 0 0 0 0 0 0 0 0 0 0 0 0 0 0 0 0 0 0 0 0 0 0 0 0 0 
10145 90698 934 2575.89 0 1219 0 0 0 0 0 0 0 904 0 0 0 0 0 0 0 2200 0 0 3947 0 0 0 0 0 0 0 0 0 0 0 
10146 92196 1110 3109.93 0 0 1005 0 0 0 0 0 929 0 0 0 0 0 0 0 0 809 0 0 667 0 0 0 0 0 0 0 0 0 0 0 
10147 93338 977 2768.01 1070 0 0 0 0 0 0 0 0 0 0 1269 0 0 0 0 0 0 0 0 0 0 0 0 0 0 3903 3903 0 0 0 0 
10147 93425 1064 3015.86 0 0 0 0 0 0 0 0 0 0 0 0 0 583 0 0 0 519 0 0 0 0 0 0 0 0 0 0 0 0 0 0 
10150 94064 448 1219.16 0 0 0 0 0 0 0 0 0 560 0 0 0 0 545 0 0 0 0 0 0 0 0 0 0 0 0 0 0 0 0 0 
10150 94491 875 2469.27 0 0 0 0 0 0 0 0 0 0 0 0 0 0 0 553 0 0 0 776 0 0 0 0 0 0 0 0 0 0 0 0 
10151 95719 834 2295.92 0 0 0 1075 0 0 0 0 0 0 1236 0 0 0 0 0 0 0 703 0 0 716 0 0 0 0 0 0 0 0 0 0 
10151 96113 1228 3409.42 0 284 1100 0 0 0 0 0 382 1367 0 0 0 0 0 0 0 1575 0 0 1087 0 0 0 0 0 0 0 0 0 0 0 
10151 96131 1246 3447.77 0 0 0 0 0 0 0 0 0 0 0 0 0 0 0 555 0 0 0 0 0 0 0 0 0 588 0 0 0 0 0 0 
10152 96267 78 203.121 2144 0 0 0 0 0 0 0 0 1638 0 0 0 0 0 0 0 0 0 0 0 0 0 0 0 0 1295 1726 0 0 0 0 
10152 96317 128 353.557 0 0 0 0 0 623 0 0 0 361 0 0 0 0 0 0 0 0 0 0 0 0 0 0 0 0 0 0 0 0 0 695 
10152 96846 657 1872.59 2547 0 0 0 0 0 0 0 0 3897 0 0 0 0 0 0 0 0 0 0 0 0 0 0 0 0 0 0 3877 3877 0 0 
10153 98209 736 2080.96 0 0 0 0 0 0 0 0 0 0 0 0 0 0 0 821 0 0 0 554 0 0 0 0 0 0 0 0 0 0 0 0 
10153 98338 865 2463.92 0 0 0 0 0 0 0 0 0 0 0 0 0 527 755 0 0 0 0 0 0 0 0 0 0 0 0 0 0 0 0 0 
10153 98355 882 2517.57 1961 0 0 0 0 0 0 0 0 1084 0 0 0 0 0 0 0 0 0 0 0 0 0 0 0 0 0 0 2481 2421 0 0 
10154 99943 1200 3331.11 0 0 0 0 0 0 0 0 0 0 0 0 572 0 0 0 0 0 0 0 0 0 0 0 0 0 0 0 0 750 0 0 
10155 100092 60 196.406 0 0 0 0 0 3924 0 0 0 0 1568 0 0 0 0 0 0 0 0 0 0 0 0 0 2354 2450 0 0 0 0 0 0 
10155 100199 167 507.461 0 0 0 0 0 0 0 0 505 0 0 0 0 0 0 0 0 0 0 553 0 0 0 0 0 0 0 0 0 0 0 0 
10157 103283 717 2047.61 0 0 2327 627 0 0 0 0 0 1639 0 0 2419 0 0 0 0 0 0 0 0 0 2195 0 0 0 0 0 0 0 0 0 
10160 107499 1117 3136.11 0 0 0 0 2011 0 455 732 3341 0 0 0 0 0 0 289 4056 0 925 0 0 0 0 4056 0 0 0 0 0 0 0 0 
10160 107610 1228 3435.71 0 1123 0 0 0 0 0 1010 0 0 0 0 0 0 0 2031 0 0 0 2369 0 0 0 0 0 0 0 0 0 0 0 0 
10162 109032 91 252.237 0 0 0 0 0 0 0 0 0 0 0 0 522 0 0 0 0 0 0 0 0 0 514 0 0 0 0 0 0 0 0 0 
10163 110679 538 1593.43 0 0 0 0 0 0 0 0 0 0 0 0 520 0 0 615 0 0 0 133 0 0 0 0 0 0 0 0 0 0 0 0 
10164 111483 72 190.643 0 0 0 0 0 0 0 0 0 0 0 0 0 548 0 0 0 0 0 0 0 0 0 0 0 0 0 645 0 0 0 0 
10164 111937 526 1378.86 0 0 0 0 0 0 0 583 0 0 0 0 0 0 0 0 0 0 0 0 0 0 0 0 0 0 0 0 0 0 0 552 
10164 112170 759 2055.12 0 0 0 0 0 0 0 0 0 0 0 0 0 0 0 0 0 1076 0 0 889 0 0 0 0 0 0 0 0 0 0 0 
10165 113052 307 859.563 0 0 0 1217 0 0 0 0 1105 0 0 0 0 0 0 0 0 917 0 0 0 1392 0 0 0 0 0 0 0 0 0 0 
10166 114595 533 1529.78 0 4036 3239 0 0 0 4036 291 0 0 0 0 0 0 0 4036 0 0 0 246 0 0 0 0 0 0 0 0 0 0 0 0 
10168 117250 680 1979.13 3121 0 0 0 0 0 0 0 0 1344 0 0 0 0 0 0 0 0 1028 0 0 1101 0 0 0 0 0 0 0 0 0 0 
10169 118781 954 2675 0 0 0 0 0 0 0 0 0 0 0 0 341 0 0 0 0 0 0 0 0 0 189 0 3860 3860 0 0 0 0 0 0 
10170 119437 315 941.849 0 0 0 0 0 0 0 0 0 638 0 0 0 0 0 0 0 632 0 0 0 0 0 0 0 0 0 0 0 0 0 0 
10170 120229 1107 3324.4 0 0 0 503 0 0 0 0 0 525 0 0 0 0 0 0 0 0 0 0 0 0 0 0 0 0 0 0 0 0 0 0 
