8868 143 143 492.995 0 0 2928 0 0 0 0 0 0 0 1197 0 0 0 0 0 0 0 0 0 0 0 0 0 
8868 285 285 938.787 0 0 0 1833 0 0 0 0 0 0 1046 0 2035 0 0 0 0 0 0 0 0 0 1848 0 
8880 1091 35 99.2937 0 0 3953 0 0 0 479 3775 0 0 0 0 0 0 0 0 0 1331 0 0 0 940 0 0 
8882 2543 947 3062.81 0 0 0 0 0 0 0 0 0 0 0 0 506 0 0 0 0 0 0 0 0 0 928 0 
8883 3381 673 2132.18 0 0 0 0 0 0 778 224 0 0 0 0 0 231 0 768 1128 0 0 1704 0 0 0 0 
8884 3844 37 158.25 0 0 0 0 0 0 0 0 0 0 0 0 0 0 524 0 0 548 0 0 0 0 0 0 
8884 4136 329 1114.56 0 1554 0 0 0 0 0 946 0 0 0 0 0 0 0 0 0 0 0 0 0 0 0 0 
8885 5540 664 2151.69 0 0 0 0 0 0 0 0 0 524 524 0 0 0 0 0 0 0 0 0 0 0 0 0 
8888 8372 213 698.165 0 0 3025 0 0 0 0 0 0 0 0 1444 0 0 0 0 0 1504 0 0 1266 0 0 0 
8892 11844 802 2685.57 0 1110 0 0 0 0 0 0 1604 0 0 0 0 0 0 1430 0 0 0 1942 0 0 0 0 
8899 13975 256 824.51 0 0 0 1459 0 0 0 0 0 1659 0 0 0 0 0 0 0 0 1158 0 0 730 0 0 
8900 15095 296 921.633 0 0 0 0 0 679 0 0 0 0 834 0 0 0 0 0 0 0 0 0 0 0 0 0 
8900 15135 336 1067.93 0 0 0 0 0 0 0 0 0 0 0 0 0 0 0 1199 0 525 0 1980 0 171 0 0 
8901 16696 780 2587.88 0 0 0 0 1039 0 0 0 0 0 884 0 0 0 0 0 0 0 1593 0 1069 0 0 0 
8901 16834 918 3035.61 0 0 510 0 0 0 0 0 0 538 0 0 0 0 0 0 0 0 0 0 0 0 0 0 
8904 20167 981 3397.97 0 0 1283 0 0 0 0 1029 0 0 0 0 0 0 0 0 0 2353 0 0 0 716 0 0 
8905 20478 258 801.912 0 0 1077 0 0 0 0 0 0 0 0 1391 0 0 0 0 0 1356 0 0 1407 0 0 0 
8905 20547 327 1035.74 0 0 863 0 0 0 0 1306 0 0 0 0 0 587 364 0 0 0 0 0 0 544 0 0 
8905 20857 637 2031.49 1079 0 0 0 0 0 0 0 0 1481 0 0 0 0 0 0 0 1356 0 0 789 0 0 0 
8905 21273 1053 3375.18 0 0 0 0 0 0 0 0 0 0 0 0 0 689 580 0 0 0 0 0 0 0 0 0 
8921 23053 15 37.6761 0 0 0 0 0 0 0 0 0 0 0 0 0 0 737 0 0 0 590 0 0 0 0 0 
8938 24858 547 1903.24 0 0 0 0 539 0 0 0 0 0 0 0 0 0 0 0 0 0 0 525 0 0 0 0 
8938 25121 810 2710.14 0 0 1163 0 0 0 0 801 0 0 0 0 0 0 0 192 0 0 0 0 0 0 0 0 
8939 25876 489 1618.62 0 0 0 2692 0 0 0 1102 336 0 0 0 0 0 0 0 0 0 1128 0 0 788 0 0 
8939 25888 501 1665.39 0 0 0 0 239 3012 0 0 0 1781 0 0 0 0 0 0 0 0 2361 0 1965 0 0 0 
8939 26439 1052 3529.04 0 0 0 0 0 0 0 0 0 0 0 0 1968 0 0 0 0 0 1562 0 0 1111 1538 0 
8940 27447 989 3268.82 0 0 0 0 0 0 0 0 0 0 0 0 0 0 0 0 0 1676 0 0 0 624 0 0 
8941 28261 717 2411.38 0 0 908 0 0 0 0 0 1095 0 0 0 0 0 0 0 0 0 1230 0 0 2002 0 0 
8941 28389 845 2803.65 4021 0 0 0 0 0 0 0 0 0 280 4045 0 0 0 0 0 1208 0 0 381 0 0 0 
8945 31619 289 927.844 0 0 0 0 0 0 0 0 0 0 0 0 0 2358 1898 0 0 1728 0 0 0 1185 0 0 
8946 32739 283 991.495 934 0 0 0 0 0 0 0 0 0 0 1080 0 0 0 0 0 0 0 0 0 0 0 0 
8946 33479 1023 3442.8 0 0 0 0 0 0 0 0 0 0 0 0 0 3991 2432 0 0 0 1007 0 0 1071 0 0 
8947 34495 962 3270.23 0 0 0 0 0 0 0 0 0 0 0 0 0 819 717 0 0 0 0 0 0 0 0 0 
8949 36159 499 1775.56 0 0 0 0 0 0 0 0 0 0 0 0 0 0 0 2540 0 2212 0 2650 0 1639 0 0 
8950 36789 85 279.333 0 0 0 0 0 0 0 0 0 0 0 0 0 1593 1673 0 0 0 2038 0 0 1494 0 0 
8950 37231 527 1625.25 0 0 0 0 0 0 0 0 0 0 0 0 0 938 1051 0 0 0 0 0 0 0 0 0 
8950 37358 654 2045.74 0 0 0 1437 0 0 0 0 306 1024 0 0 0 0 0 2282 0 0 0 2804 0 0 0 0 
8951 37997 192 649.733 0 0 0 0 600 0 0 0 579 0 0 0 0 0 0 0 0 0 0 0 0 0 0 0 
8952 38964 91 330.224 0 0 0 0 0 0 0 0 0 0 0 0 0 709 0 0 0 0 596 0 0 0 0 0 
8952 39208 335 1115.03 0 755 0 0 0 0 0 0 538 0 0 0 0 0 0 0 0 0 0 0 0 0 0 0 
8952 39890 1017 3383.51 0 0 0 0 0 0 0 0 0 0 0 0 0 0 0 1752 301 3124 403 3861 0 1534 0 0 
8953 40605 651 2112.93 0 0 0 0 0 0 0 0 0 0 0 0 0 649 0 0 0 0 0 0 0 0 0 528 
8953 40973 1019 3267.94 0 0 0 0 0 0 0 0 0 0 0 0 0 0 0 4054 0 1288 0 3903 0 959 0 0 
8954 41334 248 759.491 733 0 0 0 0 0 0 639 0 0 0 0 0 0 0 0 0 0 0 0 0 0 0 0 
8955 42493 298 973.868 0 0 0 568 0 0 0 0 0 526 0 0 0 0 0 0 0 0 0 0 0 0 0 0 
8955 43040 845 2735.42 0 0 1193 0 0 0 0 0 0 1242 0 0 0 0 0 0 0 0 0 0 0 0 0 0 
8958 45809 320 1069.16 0 0 0 951 0 0 0 0 0 0 0 749 0 0 0 0 0 1000 0 0 561 0 0 0 
8958 46437 948 3064.98 0 0 0 0 0 0 0 0 0 0 0 0 0 0 0 0 0 0 1251 0 590 185 0 0 
8959 46834 230 769.476 0 0 1043 0 0 0 0 1414 0 0 0 0 0 0 0 0 0 0 1442 0 1134 0 0 0 
8960 48117 429 1276.35 0 0 0 0 0 0 0 0 0 0 0 0 0 0 0 560 0 0 0 550 0 0 0 0 
8961 49426 586 1884.1 0 0 0 0 0 0 0 0 0 0 0 0 0 0 0 668 0 0 0 557 0 0 0 0 
8962 49973 18 54.0844 0 0 0 0 0 0 0 0 0 1867 0 0 0 0 0 0 0 917 0 0 0 930 0 0 
8963 51374 340 1166.45 0 0 0 0 0 0 0 0 0 0 0 0 0 563 717 0 0 0 0 0 0 0 0 0 
8965 53687 453 1490.42 0 0 0 0 0 0 0 0 0 0 0 0 0 507 0 0 0 0 0 531 0 0 0 0 
8965 53936 702 2354.72 0 0 0 1733 0 0 0 0 907 0 0 0 0 0 0 0 0 0 1664 0 0 371 0 0 
8966 54534 227 712.616 2028 0 0 0 0 0 0 0 0 0 0 955 0 0 0 0 0 0 0 0 0 0 0 0 
8966 55238 931 3049.88 0 0 0 0 0 0 0 0 0 0 0 0 0 2999 3897 0 0 0 1142 0 0 1427 0 0 
8967 55941 518 1707.24 0 0 0 0 0 0 0 0 0 0 0 0 0 0 0 0 0 151 2503 0 1703 0 0 0 
8968 57100 565 1790.34 0 0 0 0 0 0 0 0 0 0 0 0 0 0 0 940 0 0 0 583 0 0 0 0 
8968 57228 693 2184.63 0 0 3281 0 0 0 0 0 959 0 0 0 0 0 0 0 0 0 980 0 0 1008 0 0 
8968 57267 732 2309.01 726 0 0 0 0 0 0 0 0 593 0 0 0 0 0 0 0 0 0 0 0 0 0 0 
8969 58320 650 2180.24 0 0 0 0 0 0 0 0 0 0 0 0 0 2517 1673 0 0 0 1536 0 0 1296 0 0 
8972 61514 595 1944.12 0 0 0 0 0 0 0 0 0 0 0 0 567 0 0 0 0 0 0 0 0 0 979 0 
8973 62029 24 90.4678 0 0 0 0 0 0 0 0 0 0 0 0 0 0 0 0 3891 0 1154 0 0 510 0 0 
8973 62999 994 3190.93 0 0 0 0 0 0 0 0 0 0 0 0 638 0 0 0 0 647 0 0 0 0 0 0 
8973 63036 1031 3302.46 0 0 0 0 0 0 0 0 0 0 0 1434 0 0 0 0 0 0 1612 0 1233 0 0 0 
8974 63631 507 1574.3 0 0 0 0 0 0 0 0 0 0 0 0 0 0 0 0 0 1075 0 0 810 0 0 0 
8975 64722 470 1469.77 0 0 0 0 0 0 0 0 0 0 0 0 0 526 592 0 0 0 0 0 0 0 0 0 
8976 65849 453 1542.14 0 0 0 0 0 0 0 0 0 0 0 0 0 802 603 0 0 0 0 0 0 0 0 0 
8977 67397 905 2914.59 0 0 0 0 0 0 0 0 0 787 0 0 0 0 0 564 0 0 0 176 0 0 0 0 
8979 68765 62 235.781 0 0 0 0 0 0 0 0 0 0 0 0 0 633 535 0 0 0 0 0 0 0 0 0 
8982 69675 419 1337.66 0 0 0 0 0 0 0 0 0 0 0 0 2658 0 0 0 0 0 1992 0 967 0 3599 0 
8982 70141 885 2848.63 0 0 0 0 0 0 0 0 0 0 0 1518 0 0 0 0 0 953 0 0 1008 0 0 0 
8983 70714 373 1225.54 232 4039 0 0 0 0 0 0 0 0 1873 0 0 0 0 0 0 0 0 0 0 0 0 0 
8983 70774 433 1435.57 0 0 0 0 0 0 0 0 0 0 0 0 504 235 558 0 0 0 0 0 0 0 0 0 
8983 71398 1057 3440.44 0 0 0 0 0 0 0 0 0 0 0 0 1004 0 0 0 0 0 0 0 0 0 736 0 
8984 71640 198 706.565 0 0 0 0 0 0 0 0 0 0 0 0 3427 0 0 0 0 0 1228 0 0 722 2691 0 
8984 72280 838 2843.71 0 0 0 1615 0 0 0 0 0 1088 0 0 0 0 0 0 0 1213 0 0 0 815 0 0 
8987 73755 49 194.742 0 0 0 0 0 0 0 0 0 0 0 0 594 0 0 0 0 0 0 0 0 0 614 0 
8988 75286 544 1795.08 0 0 621 0 0 0 0 0 0 0 698 0 0 0 0 0 0 0 0 0 0 0 0 0 
8988 75794 1052 3516.09 0 0 0 0 1161 0 0 0 0 0 0 1322 0 0 0 0 0 0 0 0 0 0 0 0 
8994 77556 71 215.611 0 0 542 0 0 0 0 0 0 0 528 0 0 0 0 0 0 0 0 0 0 0 0 0 
8995 77687 46 143.241 0 0 0 0 0 0 0 0 0 0 0 0 0 651 540 0 0 0 0 0 0 0 0 0 
8995 78619 978 3168.13 0 0 0 0 0 0 0 0 0 0 0 698 0 0 0 0 0 546 0 0 0 0 0 0 
8997 80136 391 1237.3 3304 0 0 0 0 0 0 0 0 3926 0 0 0 0 0 0 0 0 0 0 0 0 0 0 
8997 80316 571 1805.55 0 0 1048 0 0 0 0 0 1211 0 0 0 0 0 0 0 0 0 916 0 1323 0 0 0 
8997 80672 927 3025.92 0 0 0 0 0 0 0 0 0 0 0 0 0 0 0 1564 0 0 0 1758 0 0 0 0 
8998 81504 649 2217.61 0 0 0 0 0 0 0 0 0 0 0 0 0 0 0 709 0 0 0 685 0 0 0 0 
8999 82165 240 806.062 0 0 0 0 602 0 0 0 0 0 0 0 0 0 0 0 0 0 0 0 0 0 641 0 
8999 82352 427 1368.59 0 263 1311 0 0 0 0 0 0 0 0 2290 0 0 0 0 0 0 1074 0 837 0 0 0 
8999 82972 1047 3497.93 0 0 0 0 0 0 0 0 0 0 0 0 0 3817 3378 0 0 0 3845 0 0 2631 0 0 
9003 85870 238 806.901 0 531 0 0 0 0 0 0 0 0 0 518 0 0 0 0 0 0 0 0 0 0 0 0 
9004 87053 327 1051.04 0 0 0 4063 0 0 0 0 1329 0 0 0 0 1552 1569 0 0 0 0 0 0 0 0 0 
9004 87230 504 1696.99 0 0 0 0 0 0 0 0 0 0 0 0 0 0 0 529 0 0 0 501 0 0 0 0 
9005 88389 579 1966.92 0 0 0 0 0 0 447 0 0 0 0 0 0 0 0 3984 0 0 0 3967 0 0 0 0 
9008 89575 69 218.928 2868 0 0 0 0 0 0 0 358 1062 0 0 0 0 0 0 0 0 0 0 0 0 0 0 
9011 91711 14 50.3107 0 0 0 0 0 0 0 0 0 0 0 1645 3935 0 0 0 0 0 0 0 0 0 3457 0 
9012 92584 777 2728.89 0 0 0 0 0 1045 0 0 0 0 0 1895 325 0 0 0 0 0 881 0 0 440 837 0 
9012 92724 917 3159.61 0 0 0 0 0 0 0 0 0 0 0 0 747 0 0 0 0 0 1032 0 1187 0 0 0 
9013 92925 76 277.272 0 0 0 0 0 0 0 0 0 0 0 0 0 934 538 0 0 0 0 0 0 0 0 0 
9013 93827 978 3352.93 0 0 0 0 0 0 1510 0 0 0 0 0 0 0 0 4066 0 1958 0 4049 0 2098 0 0 
9013 93895 1046 3575.19 0 0 0 0 0 0 0 0 0 0 0 0 611 0 0 0 0 0 0 0 0 0 554 0 
9014 94210 304 1079.98 0 0 0 0 2040 0 0 0 0 0 975 0 0 0 0 0 0 0 0 0 0 0 0 0 
9014 94847 941 3330.95 0 0 0 0 0 0 0 0 0 0 0 0 0 0 0 506 0 0 0 651 0 0 0 0 
9016 96443 466 1519.59 0 1739 0 0 0 0 0 0 0 0 1320 0 0 0 0 0 0 1131 0 0 3569 0 0 0 
9016 96908 931 3010.03 0 0 0 0 0 0 0 0 0 0 0 0 0 549 533 0 0 0 0 0 0 0 0 0 
9017 97541 454 1566.76 0 0 0 0 0 0 0 0 0 0 0 0 0 606 597 0 0 0 0 0 0 0 0 0 
9018 98688 524 1794.21 0 0 0 0 0 0 0 741 0 0 0 0 0 0 0 0 3565 0 0 0 0 0 0 2048 
9019 99831 581 1941.37 0 0 0 0 0 0 0 0 0 0 0 0 0 0 0 0 0 824 0 0 1104 0 0 0 
9019 99939 689 2268.55 0 0 0 0 0 0 0 0 0 0 0 0 758 0 0 0 0 0 0 0 0 0 684 0 
9019 99960 710 2319.22 0 0 0 0 0 0 0 0 0 0 0 0 0 0 0 557 0 0 0 587 0 0 0 0 
9020 100340 11 37.5817 0 0 0 0 0 0 0 0 0 0 0 0 0 0 0 0 0 843 0 0 800 0 0 0 
9020 100895 566 1964.63 0 0 0 0 0 0 0 0 0 0 0 0 0 588 577 0 0 0 0 0 0 0 0 0 
9023 103591 8 46.1251 0 0 2145 0 0 0 0 0 1625 0 0 0 2154 0 0 0 0 0 0 0 0 0 1813 0 
9023 104281 698 2267.17 0 0 0 0 0 1398 0 0 0 1768 0 0 0 0 0 0 0 0 0 0 0 0 0 0 
9023 104325 742 2451.07 0 0 0 1304 0 0 0 514 0 0 0 0 0 0 0 0 0 0 0 0 0 0 0 0 
9025 106325 547 1890.49 0 764 0 0 0 0 0 0 1121 0 0 0 0 0 0 0 0 0 0 0 0 0 0 0 
9026 107148 295 986.347 0 0 0 0 0 0 1098 0 0 0 0 0 0 0 0 705 0 0 0 0 0 0 0 0 
9026 107583 730 2365.83 0 0 0 1506 0 0 0 0 950 0 0 0 0 0 0 0 0 0 733 0 0 880 0 0 
9027 108366 439 1406.9 0 0 0 0 0 0 0 0 0 0 0 0 736 0 0 0 0 0 0 0 0 0 953 0 
9029 110833 749 2517.53 0 0 0 0 0 0 0 0 0 0 0 0 0 0 0 0 0 956 0 0 681 0 0 0 
9029 111020 936 3171.91 0 0 0 0 2130 0 0 0 0 843 0 0 0 0 0 0 0 0 953 0 1524 0 0 0 
9030 111366 206 686.123 0 0 0 0 0 866 0 0 1093 0 0 0 0 0 0 0 0 0 0 0 0 0 0 0 
9030 111743 583 1911.57 0 0 0 0 1388 0 0 1277 0 0 0 0 0 0 0 0 0 0 1750 0 0 1345 0 0 
9030 111795 635 2113.97 0 0 0 902 0 0 0 0 1119 0 0 0 0 0 0 0 0 0 419 0 925 0 0 0 
9030 112173 1013 3391.54 0 0 0 0 1211 0 0 0 1351 0 0 0 0 3168 2803 0 0 0 0 0 0 0 0 0 
9031 112671 434 1389.19 0 0 0 0 1399 0 0 0 804 0 0 0 0 0 0 0 0 0 755 0 0 719 0 0 
9031 112806 569 1846.28 0 0 0 1375 0 0 0 0 0 0 1311 0 0 0 0 0 0 0 0 0 0 0 0 0 
9031 112835 598 1963.39 0 0 0 0 2107 0 0 0 0 0 0 2707 1514 0 0 0 0 0 0 0 0 0 1903 0 
9031 112952 715 2371.5 0 0 0 0 0 0 0 0 0 0 0 0 0 1172 1833 0 0 0 1920 0 0 1126 0 0 
9050 114066 184 519.447 0 0 0 0 0 0 0 0 0 0 0 0 0 2228 2993 0 0 0 862 0 0 1096 0 0 
9051 115296 1051 3154.29 0 0 0 0 0 0 0 0 0 0 0 0 0 0 0 0 3675 0 1296 0 0 647 0 4042 
9051 115352 1107 3330.28 0 0 0 0 0 0 0 0 538 524 0 0 0 0 0 0 0 0 0 0 0 0 0 0 
9052 115846 402 1287.37 0 0 0 0 0 0 0 0 0 0 0 527 0 0 530 0 0 0 0 0 0 0 0 0 
9052 115870 426 1348.66 0 0 0 2020 0 0 0 1167 0 0 0 0 0 0 0 0 3300 0 0 0 0 0 0 3972 
9053 117154 579 1683.4 0 0 0 0 0 814 0 0 0 1080 0 0 1000 0 333 0 0 0 106 0 0 0 1855 0 
9057 118110 236 667.557 994 0 0 0 0 0 0 0 1097 0 0 0 0 0 0 192 0 988 0 192 0 1091 0 0 
9058 118894 41 119.156 0 0 0 0 0 0 0 0 0 0 0 0 0 0 709 0 0 0 0 0 0 0 0 507 
9058 118912 59 178.86 0 0 0 0 0 0 0 0 0 0 0 0 0 2511 2304 4045 1888 0 0 1956 0 0 0 1633 
9059 119666 440 1359.33 0 345 0 353 283 601 512 401 602 342 406 714 352 0 0 0 0 314 0 189 0 0 233 0 
9059 119952 726 2245.05 0 0 0 0 0 0 0 591 0 0 0 0 0 0 0 0 0 0 0 525 0 0 0 0 
9060 120366 45 131.583 0 0 558 0 0 0 0 0 0 0 0 0 572 0 0 0 0 0 0 0 0 0 0 0 
9060 120620 299 982.492 0 0 0 0 0 0 0 0 0 0 0 0 0 0 0 633 0 0 0 593 0 0 0 0 
9063 123879 232 760.759 0 0 0 530 0 0 0 0 0 529 0 0 0 0 0 0 0 0 0 0 0 0 0 0 
9063 123968 321 1074.53 0 0 0 2323 0 0 0 0 0 0 1472 236 0 0 0 0 0 0 0 0 0 0 0 0 
9064 125403 664 2159.08 0 0 0 0 0 0 0 0 0 0 0 0 758 0 0 0 0 0 0 0 0 0 756 0 
9064 125638 899 2874.14 0 0 0 0 0 0 0 0 0 542 0 0 0 0 0 0 0 527 0 0 0 0 0 0 
9065 126279 422 1388.55 0 0 0 0 0 0 0 0 0 0 0 0 0 0 0 0 0 1530 0 0 604 0 0 0 
9066 128057 1079 3504.05 0 0 0 0 0 0 0 0 533 0 0 0 0 0 0 0 0 517 0 0 0 0 0 0 
9067 128799 708 2388.94 0 0 0 0 0 0 0 0 0 0 0 0 0 729 0 0 0 727 0 0 0 0 0 0 
9068 129557 364 1221.25 0 0 0 0 0 0 0 0 0 0 0 0 0 554 0 0 0 516 0 0 0 0 0 0 
9068 129845 652 2160.97 0 0 0 0 0 0 0 0 0 0 0 0 0 0 0 746 0 0 0 989 0 0 0 0 
9069 130632 391 1186.87 0 0 0 0 0 0 0 0 0 0 0 0 662 1862 2338 0 0 0 0 0 0 0 467 0 
9072 134220 558 1739.25 0 0 0 0 0 0 0 0 0 0 0 2114 0 0 0 0 0 1027 0 0 1199 0 0 0 
9072 134397 735 2333.45 0 0 381 288 1287 0 0 0 1462 653 0 0 0 0 0 0 0 0 0 2810 0 0 0 0 
9076 137832 112 390.304 0 0 0 0 1055 0 0 0 1405 0 0 0 0 2352 1948 0 0 0 0 0 0 0 0 0 
9077 137940 50 165.603 0 1472 0 0 0 0 0 0 0 1172 0 0 0 0 0 0 0 0 2351 0 0 725 0 0 
9079 138509 352 1124.25 0 0 0 0 0 0 0 0 0 0 0 0 0 0 0 0 0 574 0 0 597 0 0 0 
9101 139240 348 1172.01 0 0 0 0 0 0 0 0 0 0 0 0 0 3993 4068 0 0 0 924 0 0 1156 0 0 
9101 139766 874 2809.12 0 0 1057 0 0 0 0 0 0 1043 0 0 0 0 0 0 0 1020 0 0 0 811 0 0 
9101 139943 1051 3372.71 742 0 0 0 0 0 0 0 0 0 671 0 0 0 0 0 0 0 0 0 0 0 0 0 
9102 140216 204 655.776 0 0 0 1356 0 0 0 0 1200 0 0 0 0 0 0 0 0 906 0 0 1308 0 0 0 
9102 140399 387 1239.01 0 0 0 0 0 0 0 0 0 0 0 0 0 0 0 0 0 0 501 0 678 0 0 0 
9103 141378 233 811.435 0 0 0 0 0 0 0 0 0 0 0 0 0 0 0 1209 0 2393 0 3922 0 3922 0 0 
9103 142136 991 3330.47 0 0 0 0 0 0 586 0 0 0 0 0 0 0 0 0 0 713 0 0 0 0 0 0 
9104 142981 757 2368.25 0 0 612 0 0 0 0 0 687 0 0 0 0 0 0 0 0 0 0 0 0 0 0 0 
9107 145677 67 186.967 0 0 0 0 0 0 0 0 0 0 0 0 0 0 0 594 0 0 0 939 0 0 0 0 
9107 145979 369 1121.1 0 0 0 0 0 1153 0 0 0 0 0 1807 0 0 0 0 0 0 0 0 0 0 135 0 
9108 147241 450 1394.16 0 0 0 0 0 0 0 0 0 0 1149 0 0 0 0 0 0 502 0 0 0 0 0 0 
9108 147685 894 2821.58 1145 0 0 0 0 0 0 0 0 0 2184 0 0 0 0 0 0 1330 0 0 1078 0 0 0 
9109 148501 545 1773.47 0 0 0 0 0 1011 0 0 0 0 0 1519 0 0 0 0 0 2787 0 0 2108 0 0 0 
9110 149369 296 866.985 0 0 0 0 0 923 0 0 0 924 0 0 0 4014 284 0 0 0 1805 0 0 1801 0 0 
9110 150151 1078 3308.75 0 0 1771 0 0 0 0 0 0 911 0 0 0 0 0 0 0 0 0 0 0 0 0 0 
9110 150245 1172 3589.47 0 0 1100 0 0 0 0 0 0 0 0 1311 0 0 0 0 0 769 0 0 679 0 0 0 
9111 151099 849 2556.86 0 0 1086 0 0 0 919 0 989 0 0 0 0 0 0 0 2061 0 1108 0 1208 0 0 2889 
9111 151345 1095 3254.7 0 0 0 0 0 0 0 0 0 0 0 0 0 0 0 811 0 0 0 596 0 0 0 0 
9113 153486 879 2642.69 0 0 0 0 0 0 0 0 0 0 0 0 0 1009 734 0 0 0 0 0 0 0 0 0 
9115 155493 499 1665.16 0 0 0 0 0 0 0 0 0 0 695 0 0 0 0 0 0 1293 0 0 0 1001 0 0 
9115 155587 593 1934.61 0 0 0 0 0 0 0 0 0 0 0 0 0 4094 3475 0 1455 0 0 0 0 0 852 1472 
9116 156437 313 967.402 0 0 0 0 0 0 0 0 0 0 0 0 553 0 0 0 0 0 0 0 0 0 648 0 
9279 161853 283 862.589 0 0 0 0 0 0 0 0 0 0 0 0 0 0 0 721 0 0 0 610 0 0 0 0 
9280 163457 750 2445.84 0 0 822 803 0 0 0 0 0 0 0 1494 0 0 0 0 0 0 0 0 0 0 0 0 
9280 163517 810 2653.59 675 0 0 0 0 0 0 854 0 0 0 0 0 0 0 0 0 0 0 0 0 0 0 0 
9281 164340 527 1757.35 0 0 0 0 1489 0 0 0 0 1269 0 0 0 0 0 0 0 0 985 0 1594 0 0 0 
9283 166366 358 1118.37 0 0 0 0 0 0 0 0 0 0 0 0 0 550 0 0 0 651 0 0 0 0 0 0 
9283 166863 855 2678.8 0 0 0 0 1153 0 0 0 0 0 0 2058 0 0 0 0 0 0 0 0 0 0 0 0 
9284 167565 397 1323.68 0 0 0 1465 0 735 0 405 1116 0 0 0 0 0 0 0 0 1252 0 0 0 460 0 0 
9285 169013 762 2471.17 0 0 0 0 0 0 0 0 0 0 0 0 0 526 0 0 0 0 562 0 0 0 0 0 
9287 170698 247 813.268 0 0 0 0 0 0 0 0 0 0 0 0 0 0 0 570 0 0 0 858 0 0 0 0 
9288 171685 112 351.456 1268 0 0 0 0 0 0 0 1032 354 0 0 0 0 0 0 0 1260 0 0 0 877 0 0 
9288 172039 466 1463.41 0 0 0 0 0 0 0 0 0 0 0 0 916 0 0 0 0 0 0 0 0 0 752 0 
9288 172215 642 2028.04 0 0 0 0 0 0 0 0 0 0 0 0 2547 282 0 0 0 0 1452 0 0 927 2403 0 
9288 172324 751 2422.59 0 0 0 0 1908 0 0 0 0 0 3253 0 0 0 0 0 0 3920 3920 411 0 3920 0 0 
9289 172877 159 470.826 0 0 0 964 0 0 0 0 0 0 871 0 0 1840 0 0 0 0 0 0 0 0 430 0 
9291 175441 505 1541.64 0 0 0 0 0 0 0 0 0 0 0 0 0 0 0 0 3617 0 786 0 0 510 0 2902 
9291 175495 559 1737.71 0 0 0 0 1887 0 0 0 1710 0 0 0 0 0 0 0 0 0 0 843 0 0 0 0 
9291 175621 685 2156.42 0 0 0 0 1049 0 0 0 0 0 771 0 0 0 0 0 0 0 1481 0 1145 0 0 0 
9292 176507 447 1359.07 1173 0 0 0 0 0 0 0 613 1131 0 0 0 0 0 525 1683 0 0 3472 0 0 0 0 
9294 178509 181 607.285 0 0 0 0 2141 0 0 1600 0 0 0 0 0 0 0 0 0 0 1022 0 0 866 0 0 
9294 178529 201 665.484 0 0 0 0 0 0 0 0 0 0 0 0 0 0 0 772 0 0 0 575 0 0 0 0 
9294 179062 734 2372.91 0 0 0 0 0 0 0 0 0 0 0 0 0 535 505 0 0 0 0 0 0 0 0 0 
9294 179139 811 2636.51 0 0 0 0 0 0 0 0 0 0 0 0 0 0 0 0 0 1775 0 0 1707 0 0 0 
9295 179935 501 1593.69 0 0 0 0 0 1282 0 0 1111 0 0 0 0 657 1709 0 0 0 0 0 0 0 0 0 
9296 180847 285 973.511 0 0 0 0 0 0 0 0 0 0 0 0 0 0 0 551 0 0 0 501 0 0 0 0 
9296 181038 476 1588.36 0 0 0 0 0 0 0 0 0 709 0 0 0 0 0 0 0 0 4020 0 1436 0 0 0 
9296 181058 496 1652.66 0 0 0 0 0 0 0 0 0 0 0 0 525 0 0 0 0 0 0 768 0 0 0 0 
9296 181267 705 2305.25 0 0 1334 0 0 0 0 0 0 987 0 0 0 0 0 0 0 0 0 0 0 0 0 0 
9297 182489 810 2677.25 0 0 0 1720 1421 0 0 0 0 1105 0 0 0 0 0 0 0 1601 0 0 0 827 0 0 
9297 182532 853 2799.45 618 705 0 0 0 0 0 0 0 0 0 0 0 0 0 0 0 923 0 0 0 678 0 0 
9299 184452 545 1762.71 0 0 0 0 0 799 0 0 1170 0 0 0 0 0 0 0 0 0 0 0 0 0 0 0 
9303 189285 932 2931.1 0 0 0 0 0 0 0 0 0 0 0 0 739 0 0 0 0 620 0 0 0 0 0 0 
9303 189404 1051 3321.41 0 0 0 0 0 0 0 0 0 0 0 0 0 0 0 0 0 1369 0 0 575 0 0 0 
9304 189790 307 993.72 0 0 0 0 839 0 0 0 0 0 846 0 0 0 0 0 0 0 1222 0 859 0 0 0 
9304 190042 559 1787.67 0 1490 0 0 0 0 0 0 0 0 1141 0 0 0 0 0 0 952 0 0 1277 0 0 0 
9307 193274 361 1149.88 0 0 0 0 0 0 0 0 0 0 0 0 0 581 0 0 0 0 598 0 0 0 0 0 
9307 194025 1112 3556.16 0 0 1112 0 0 0 0 0 0 2095 0 0 0 0 0 0 0 0 953 0 0 707 0 0 
9308 194389 349 1091.91 0 0 0 0 0 0 0 0 0 0 0 0 0 550 707 0 0 0 0 0 0 0 0 0 
9310 196789 485 1486.24 0 0 0 0 0 0 589 0 0 0 0 0 570 0 0 0 0 0 0 0 0 0 0 0 
9310 197098 794 2574.89 0 0 0 0 0 0 0 0 0 0 0 0 0 0 0 0 0 843 0 0 0 688 0 0 
9311 197468 23 47.9252 0 0 0 0 0 0 0 210 0 0 0 0 0 0 0 0 3962 0 0 0 0 0 0 3962 
9311 197483 38 85.7325 0 0 0 0 924 0 0 237 0 0 0 0 0 0 0 0 0 0 892 0 0 883 0 241 
9311 197947 502 1631.5 0 0 0 0 0 0 3524 0 0 0 0 0 0 0 0 249 3987 0 896 0 1913 0 0 3987 
9313 199640 168 555.909 0 0 0 0 3879 569 0 0 0 0 0 3879 3879 0 0 0 0 0 0 0 878 0 0 0 
9313 199788 316 1067.9 0 0 0 0 0 0 0 0 0 0 0 0 0 0 0 615 0 0 0 556 0 0 0 0 
9314 201019 360 1161.63 0 0 0 0 0 1806 0 0 990 0 0 0 0 4009 4009 0 0 0 0 0 0 0 0 0 
9317 203116 9 34.7819 0 0 0 0 0 0 0 618 510 0 0 0 0 0 0 0 0 0 0 0 0 0 0 0 
9317 204198 1091 3533.23 0 0 0 0 0 0 0 0 0 0 0 0 538 0 0 0 0 0 0 0 0 0 571 0 
9319 205830 527 1646.36 0 0 0 0 0 1015 0 3142 0 0 0 0 0 3847 3646 0 0 0 0 0 0 0 0 0 
9320 207201 747 2424.29 0 0 0 0 0 0 1600 0 0 0 0 0 0 0 0 0 0 3228 0 1438 2993 0 0 0 
9320 207277 823 2673.76 0 0 0 0 0 0 0 0 0 0 0 0 0 0 0 546 0 0 0 535 0 0 0 0 
9321 207788 215 657.635 0 0 1053 0 0 0 0 0 796 0 0 0 0 0 0 0 0 1722 0 0 0 380 0 0 
9326 212337 114 378.194 0 0 0 261 1383 0 0 0 0 2209 0 0 0 3887 2642 0 0 0 0 0 0 0 0 0 
9326 213009 786 2665.2 0 0 1761 0 0 0 0 0 0 0 0 0 0 0 0 0 0 1414 0 0 0 784 0 0 
9326 213160 937 3116.45 1036 0 0 0 0 0 0 0 0 0 0 1168 0 0 0 0 0 0 0 0 0 0 0 0 
9327 213635 326 1042.12 0 0 0 0 0 0 0 0 0 0 0 0 0 0 0 714 0 0 0 656 0 0 0 0 
9327 214235 926 2947.5 0 0 0 0 0 0 0 0 0 0 0 0 0 0 0 541 0 0 0 523 0 0 0 0 
9328 215332 894 2868.53 0 0 0 0 0 0 0 0 0 0 0 0 2913 0 0 0 0 0 1162 0 1385 0 2569 0 
9329 216186 652 2136.32 0 1663 0 0 0 0 0 0 0 760 0 0 0 0 0 0 0 922 0 0 0 932 0 0 
9330 216648 201 638.156 0 0 0 0 0 0 0 0 0 0 0 554 555 0 0 0 0 0 0 0 0 0 0 0 
9330 216902 455 1456.69 0 0 0 0 0 0 0 0 0 0 0 0 0 517 659 0 0 0 0 0 0 0 0 0 
9334 220648 402 1226.02 0 0 0 0 0 0 0 0 0 0 0 0 537 0 0 0 0 0 0 519 0 0 0 0 
9334 220707 461 1416.43 0 0 0 0 0 0 0 0 0 0 0 0 0 0 0 0 0 853 0 0 0 580 0 0 
9335 222024 658 1956.9 0 0 0 0 0 564 0 0 0 0 0 0 0 0 0 0 0 542 0 0 0 0 0 0 
9337 223834 133 461.696 0 0 0 0 0 0 0 0 0 0 0 0 0 0 0 0 0 0 871 0 579 0 0 0 
9337 224357 656 2165.35 0 836 0 0 0 0 0 0 0 1709 0 0 0 0 0 0 0 1249 0 0 1044 0 0 0 
9338 225905 1100 3586.41 0 0 0 0 0 0 0 0 0 0 0 0 0 0 0 2278 0 1183 0 3596 0 608 0 0 
9339 226138 227 774.092 0 0 0 0 0 0 0 0 0 0 688 881 0 0 0 0 0 0 0 0 0 0 0 0 
9340 227392 354 1151.27 0 0 0 0 0 742 0 0 0 1401 0 0 0 3096 0 0 0 0 0 0 0 0 2110 0 
9341 228621 460 1465.63 0 0 0 899 0 0 604 0 0 0 0 0 0 0 0 0 0 0 0 0 0 0 0 0 
9341 229237 1076 3335.81 0 0 0 0 901 0 0 1752 0 0 0 0 0 0 0 0 0 0 926 0 0 736 0 0 
9342 229364 36 138.498 0 0 0 0 0 0 0 0 0 0 0 0 890 0 0 0 0 0 0 0 0 0 880 0 
9371 231003 150 508.561 0 0 0 0 0 0 0 0 0 0 0 0 0 0 0 508 0 0 0 537 0 0 0 0 
9372 232104 209 704.235 0 0 0 0 0 0 0 0 523 626 0 0 0 0 0 0 0 0 0 0 0 0 0 0 
9372 232396 501 1691.82 0 0 1484 0 0 0 932 0 0 0 0 0 0 0 0 4081 0 0 0 1986 0 0 0 0 
9372 232890 995 3266.71 0 0 0 0 0 0 0 0 0 0 0 0 0 739 512 0 0 0 0 0 0 0 0 0 
9374 1150 403 1319.97 0 0 0 1218 0 0 0 0 0 0 0 1360 761 0 0 0 0 0 0 0 293 0 0 0 
9374 1168 421 1380.91 0 0 0 1145 0 0 0 805 0 0 0 0 0 0 0 0 3903 0 0 0 0 0 0 3317 
9397 1609 26 94.0787 1177 0 0 0 0 0 0 0 0 929 0 0 0 0 0 0 0 1047 0 0 0 1606 0 0 
9397 2241 658 2101.61 0 0 0 0 1125 0 0 4018 0 0 0 0 0 0 0 0 0 3196 0 0 2361 856 0 0 
9397 2484 901 2894.69 0 0 0 0 0 0 0 0 0 0 0 0 0 509 590 0 0 0 0 0 0 0 0 0 
9398 2926 225 726.023 0 0 0 0 0 0 0 0 0 0 0 0 0 569 515 0 0 0 0 0 0 0 0 0 
9399 4663 832 2742.25 0 0 0 0 0 0 0 0 0 0 0 0 0 0 0 0 1236 0 560 0 0 1031 0 2358 
9400 5632 710 2369.27 0 0 0 0 0 0 0 0 0 0 0 0 0 0 0 741 0 0 520 0 0 0 0 0 
9401 6001 8 25.6855 0 810 0 0 0 0 927 0 0 0 0 0 0 0 0 0 0 0 0 0 0 0 0 0 
9422 7519 603 1951.69 0 0 0 0 0 0 0 0 0 0 0 0 0 775 522 0 0 0 0 0 0 0 0 0 
9423 8207 168 483.587 0 0 0 0 0 0 0 0 0 0 0 0 3457 0 0 0 0 0 0 0 1013 0 0 0 
9425 9217 5 12.8147 0 0 0 0 0 1260 0 0 1717 0 0 0 0 556 2161 0 0 0 0 0 0 0 0 3840 
9425 9468 256 831.957 0 0 0 0 0 0 0 0 0 0 0 0 0 0 0 508 0 502 0 0 0 0 0 0 
9427 11957 519 1707.28 0 0 0 0 0 0 0 0 0 505 0 0 0 378 0 565 0 0 0 0 0 0 0 0 
9428 13006 460 1554.6 0 0 1084 0 0 0 0 0 0 0 1614 0 0 0 0 0 0 0 0 0 0 0 0 0 
9428 13103 557 1862.04 0 0 1107 0 0 0 0 0 0 0 2380 0 3416 214 0 0 0 0 0 0 2162 0 1128 0 
9429 14427 761 2580.96 0 0 804 0 0 0 0 0 0 0 0 3916 0 0 0 0 0 0 0 0 0 0 0 0 
9431 15033 253 830.558 0 0 2074 0 0 0 0 0 1831 0 0 0 0 0 0 0 3992 0 0 0 0 0 0 3614 
9431 15726 946 3089.79 0 0 0 0 0 3876 0 0 0 2628 260 0 0 0 0 0 0 0 1262 0 0 1233 0 0 
9433 17075 80 249.011 0 0 0 0 0 0 0 0 0 0 0 0 0 0 0 0 0 0 560 0 0 599 0 0 
9433 17842 847 2697.69 0 0 1421 0 0 0 0 0 1407 0 0 0 0 0 0 0 0 0 0 0 0 0 0 0 
9433 18083 1088 3524.73 1090 0 0 0 0 0 832 0 0 0 0 0 0 0 0 0 0 0 0 0 0 0 0 0 
9434 19154 1045 3384.45 1012 0 302 0 0 0 0 0 0 781 0 0 0 0 0 0 0 1204 0 0 969 0 0 0 
9435 19583 368 1130.33 0 0 0 1667 0 0 0 0 0 0 744 0 0 0 0 0 0 163 1121 0 0 518 0 0 
9435 19825 610 1953.53 0 0 0 1561 0 0 0 0 1114 0 0 0 0 0 0 0 0 3384 0 0 3618 0 0 0 
9435 19914 699 2250.08 0 0 0 0 0 0 0 0 0 0 0 0 0 3969 3969 0 0 0 1333 0 0 998 0 0 
9436 20358 24 65.5008 0 0 0 0 0 0 0 0 0 0 0 0 0 1991 0 0 0 0 782 0 0 0 1769 0 
9436 21204 870 2845.98 0 0 0 0 0 0 0 0 0 0 0 0 0 0 0 0 0 766 0 126 0 809 0 0 
9437 22112 670 2186.04 0 0 2017 0 0 0 1365 0 0 0 0 0 0 0 0 0 0 0 0 0 0 0 0 0 
9437 22381 939 2983 0 0 0 0 0 0 0 0 0 0 0 0 0 0 0 0 0 1127 1515 0 1832 0 0 0 
9438 22971 414 1345.65 0 0 0 0 0 0 0 0 0 0 0 0 0 238 670 0 0 0 0 0 0 0 687 0 
9438 23342 785 2631.47 0 0 0 0 0 0 0 0 0 0 0 0 0 746 0 0 0 691 0 0 0 0 0 0 
9439 23771 135 457.301 0 0 0 0 0 0 0 0 0 0 0 0 0 0 0 0 0 0 782 0 0 624 0 0 
9440 24736 394 1325.33 0 0 0 0 0 0 3353 0 0 0 0 0 0 0 0 0 3859 0 1306 0 0 1259 0 3859 
9443 26162 26 96.2119 0 0 0 0 0 0 0 0 0 0 0 0 0 2790 0 0 0 0 2187 0 1327 0 2476 0 
9443 26207 71 252.634 0 604 0 0 0 0 0 0 0 0 1922 0 0 0 0 0 0 841 0 0 857 0 0 0 
9470 27690 892 3032.75 0 0 0 0 1490 0 0 0 0 0 0 2006 0 0 0 0 0 2109 0 0 4034 0 0 0 
9471 27850 12 56.5627 0 0 0 0 0 0 0 0 0 0 0 0 630 0 0 0 0 547 0 0 0 0 0 0 
9471 27992 154 545.24 0 0 597 0 0 0 0 0 0 0 503 0 0 0 0 0 0 0 0 0 0 0 0 0 
9472 29000 153 479.328 0 0 778 0 0 0 0 0 0 0 0 1340 0 0 0 0 0 0 0 0 0 0 0 0 
9472 29757 910 3055 0 0 0 0 0 0 0 0 0 0 0 0 0 531 564 0 0 0 0 0 0 0 0 0 
9472 29810 963 3229.76 4001 0 0 0 0 0 0 0 0 2966 0 0 0 0 0 0 0 1445 0 0 0 649 0 0 
9473 30657 741 2342.33 0 0 0 0 0 0 1080 0 0 0 0 0 0 0 0 846 0 1101 0 2516 1425 0 0 0 
9473 30906 990 3127.64 0 0 0 0 0 938 0 0 0 0 0 1818 0 0 0 0 0 0 0 0 0 0 0 0 
9475 31975 464 1583.44 0 0 0 0 0 1209 0 0 0 0 3851 248 425 648 367 0 1648 0 0 0 0 0 0 2223 
9476 33072 468 1498.08 0 0 1148 0 0 0 0 0 0 0 1235 0 0 0 0 0 0 0 1413 0 0 1839 0 0 
9476 33539 935 3014.73 0 0 0 0 0 664 0 0 0 0 0 1705 3634 0 0 0 0 0 0 0 0 0 1813 0 
9478 34807 138 503.253 0 0 1228 0 0 0 0 0 0 0 0 3104 0 0 0 0 0 0 3122 0 3972 0 0 0 
9479 34997 74 267.069 0 0 0 0 542 0 0 0 0 0 0 0 627 0 0 0 0 0 0 0 0 0 0 0 
9479 35635 712 2335.42 0 0 0 0 0 0 0 0 0 0 0 0 0 0 0 534 0 0 0 519 0 0 0 0 
9482 37968 745 2452.69 0 0 0 1398 0 0 0 0 0 0 1463 0 0 0 0 0 0 1026 0 0 1099 0 0 0 
9482 37992 769 2532.42 0 0 0 0 0 1301 0 0 1311 0 0 0 0 0 0 0 2640 0 0 0 0 0 0 2442 
9483 38359 49 171.825 0 0 0 0 0 0 1167 0 0 0 0 0 0 0 0 0 3831 0 794 0 0 685 0 3946 
9483 38753 443 1471.31 0 0 654 0 0 0 0 0 0 0 0 0 0 0 503 0 0 0 0 0 0 0 0 0 
9484 39989 637 2054.37 0 0 0 0 412 1647 0 0 1671 0 0 0 0 216 0 0 0 0 840 0 0 631 0 0 
9484 39991 639 2061.15 0 0 0 303 0 0 0 0 0 0 0 0 0 0 0 0 0 1063 0 0 738 0 0 0 
9485 41014 567 1896.62 0 0 0 0 0 0 0 0 0 0 2588 0 0 0 0 662 0 4063 453 634 4063 4063 0 0 
9485 41112 665 2204.81 0 0 0 0 0 0 0 0 0 0 0 0 0 0 0 0 0 0 715 0 852 0 0 0 
9486 41659 128 393.644 0 0 0 721 0 0 0 0 614 0 0 0 0 0 0 0 0 0 0 0 0 0 0 0 
9486 41864 333 1054.97 0 0 1065 0 0 0 0 0 1553 0 0 0 0 0 0 0 0 0 0 2304 0 869 0 0 
9487 42568 339 1227.84 0 0 0 0 0 0 1275 0 0 0 0 0 0 0 0 4091 0 2825 0 4020 0 3890 0 0 
9493 44202 53 209.547 0 0 0 0 0 0 0 0 0 0 0 0 0 0 0 512 0 0 0 510 0 0 0 0 
9536 44859 652 2178.17 0 0 0 0 0 0 0 0 0 0 0 0 0 0 0 1622 0 0 768 2105 0 1175 0 0 
9538 45728 266 887.835 0 1079 0 0 0 0 0 1086 0 0 0 0 0 0 0 2039 0 0 0 978 0 0 0 0 
9538 46163 701 2351.93 0 0 0 0 0 0 0 0 0 0 0 0 571 801 0 0 0 0 0 0 0 0 0 0 
9538 46490 1028 3453.76 0 0 0 2100 0 0 0 0 0 0 3534 0 0 0 0 0 0 0 667 0 817 0 0 0 
9539 47337 800 2733.35 1001 0 0 0 0 0 0 1190 0 0 0 0 0 0 0 3120 0 0 0 3780 0 0 0 0 
9540 47617 19 73.397 0 0 0 0 0 0 0 0 0 0 0 0 580 0 0 0 0 0 0 0 0 0 848 0 
9541 48836 158 586.329 0 0 0 0 0 0 0 0 0 0 0 0 0 0 0 0 0 2868 0 0 1153 0 0 0 
9542 49776 17 58.3783 0 0 0 0 0 0 910 0 0 0 0 0 0 0 0 0 0 1104 0 4020 0 744 0 0 
9542 50107 348 1147.57 0 0 0 0 977 0 0 1041 317 0 0 0 0 0 0 0 0 0 0 0 0 0 0 0 
9543 50943 131 447.686 0 0 0 0 0 0 0 0 0 0 0 0 0 0 0 656 0 0 0 502 0 0 0 0 
9543 51780 968 3177.05 0 0 0 1753 0 0 0 0 0 1583 0 0 0 1430 1973 0 0 0 0 0 0 0 0 0 
9544 52633 712 2323.13 1044 0 0 0 0 0 0 0 0 0 700 0 0 0 0 0 0 147 0 0 0 0 0 0 
9545 53180 184 629.306 0 672 0 0 0 0 0 0 0 1157 279 0 0 0 0 0 0 0 0 0 0 0 0 0 
9545 53340 344 1200.98 0 0 0 0 0 0 0 0 0 0 0 0 0 0 0 502 0 0 0 528 0 0 0 0 
9545 53754 758 2585.61 572 0 0 0 0 0 0 0 0 544 0 0 0 0 0 0 0 0 0 0 0 0 0 0 
9546 54930 863 2886.35 0 0 0 0 0 0 0 536 0 0 0 0 0 0 0 0 0 0 0 564 0 0 0 0 
9547 55812 648 2146.85 0 0 0 0 0 0 0 0 0 0 0 0 523 0 0 0 0 0 0 0 0 0 708 0 
9548 57269 1035 3433.38 0 0 0 0 0 0 0 0 744 669 0 0 0 0 0 0 0 0 0 0 0 0 0 0 
9548 57318 1084 3563.65 0 0 0 0 0 987 0 0 0 0 1433 0 0 0 0 0 0 3591 0 0 0 825 0 0 
9549 58367 1037 3550.3 0 933 0 0 0 0 0 0 0 932 0 0 0 0 0 0 0 1786 0 0 0 857 0 0 
9551 59657 208 704.905 0 0 0 0 1158 0 0 0 0 2471 0 0 0 0 0 0 0 0 0 0 0 0 0 0 
9551 59876 427 1405.36 0 0 0 0 0 0 0 0 0 0 0 0 0 613 506 0 0 0 0 0 0 0 0 0 
9551 60189 740 2410.2 0 0 0 0 0 1120 0 1489 0 0 0 0 0 0 0 0 2789 0 0 0 0 0 0 3937 
9552 61304 773 2529.67 0 0 907 0 0 0 0 0 0 0 0 0 0 0 0 3804 0 0 0 375 0 0 0 0 
9552 61310 779 2545.72 0 0 0 0 560 0 0 0 0 1100 0 0 325 0 0 0 0 0 1672 0 789 0 0 0 
9552 61389 858 2794.16 0 0 0 0 0 0 0 0 0 0 0 0 0 0 0 672 0 0 0 540 0 0 0 0 
9553 62122 498 1712.7 0 0 0 0 1147 0 0 0 1087 0 0 0 0 0 0 0 0 0 1068 0 0 736 0 0 
9554 62752 94 310.745 908 0 0 0 0 0 0 0 829 0 0 0 0 0 0 0 0 0 0 0 0 0 0 0 
9554 63064 406 1285.22 1029 0 0 0 0 0 0 0 0 0 1973 0 0 0 0 0 0 0 0 0 0 0 0 0 
9555 64830 1059 3546.39 0 0 0 0 0 0 0 0 0 0 0 0 0 0 567 0 0 528 0 0 0 0 0 0 
9556 65146 295 907.798 0 0 0 0 0 0 0 0 0 0 0 1883 0 0 0 0 0 1455 0 0 907 0 0 0 
9557 66130 169 529.25 0 0 0 0 0 0 0 0 0 0 0 0 544 0 0 0 0 0 0 0 0 0 577 0 
9557 66279 318 1051.37 0 0 0 0 1027 0 0 0 0 0 0 1080 0 0 0 0 0 2724 0 0 0 878 0 0 
9557 66670 709 2352.51 0 0 0 0 0 0 0 0 0 0 0 0 0 555 1015 0 0 0 0 0 0 0 0 0 
9557 66713 752 2524.52 0 0 371 0 0 0 0 0 0 0 0 0 0 0 0 0 0 2696 0 0 3962 0 0 0 
9557 66967 1006 3343.73 0 0 0 0 0 0 0 0 0 0 1428 0 0 0 0 0 0 0 0 1507 0 0 0 0 
9560 69286 23 63.3067 1208 0 0 0 0 0 0 0 0 0 1853 0 0 0 0 0 0 1443 0 0 817 0 0 0 
9560 70242 979 3286.94 0 0 0 802 506 0 0 0 0 0 0 0 0 0 0 0 0 0 0 0 0 0 0 0 
9561 70747 412 1346.62 0 0 4023 0 0 0 0 201 0 0 0 0 0 0 0 360 3958 0 0 3958 0 0 0 0 
9561 70811 476 1577.99 0 0 0 0 0 0 0 0 0 0 0 0 0 0 587 0 0 555 0 0 0 0 0 0 
9561 70950 615 2091.47 4072 0 0 0 0 0 0 4072 0 0 0 0 0 0 0 0 0 0 0 0 0 0 0 0 
9564 72922 345 1180.91 1396 0 0 0 0 0 0 1856 0 0 0 0 0 0 0 0 0 1329 0 0 968 0 0 0 
9564 73180 603 2013.6 0 0 0 2792 0 0 0 0 0 0 3503 0 0 0 0 0 0 0 0 0 0 0 0 0 
9564 73257 680 2263.38 0 0 0 0 0 0 0 0 0 0 0 0 0 0 0 0 0 0 1900 0 966 0 0 0 
9566 74809 50 162.384 0 0 0 0 0 0 0 0 0 0 0 0 0 0 0 521 0 0 0 561 0 0 0 0 
9566 75558 799 2537.56 0 0 0 0 0 0 0 0 0 0 0 0 2209 3998 3998 0 0 0 785 0 1070 0 3933 0 
9566 75586 827 2631.43 0 0 0 0 0 0 0 0 0 0 0 0 0 0 0 0 0 721 0 0 865 0 0 0 
9567 76927 1069 3574.44 0 0 0 0 0 0 0 0 0 0 0 520 0 0 0 0 0 0 0 0 0 0 567 0 
9568 77004 71 241.257 0 0 0 0 0 886 0 1096 0 0 0 259 0 0 0 0 3997 0 170 0 0 0 0 3538 
9568 77037 104 354.009 0 937 0 0 0 0 0 0 0 0 0 1458 0 0 0 0 0 0 0 0 0 0 0 0 
9569 78357 301 1016.94 0 0 0 0 0 0 0 0 0 0 0 0 0 582 502 0 0 0 0 0 0 0 0 0 
9570 79866 740 2402.88 0 0 0 0 0 0 0 0 0 0 0 0 629 0 0 0 0 0 525 0 0 0 0 0 
9571 80621 405 1382.4 0 758 0 0 0 0 0 0 0 0 1515 0 0 0 0 0 0 1412 0 0 0 977 0 0 
9572 82256 950 3387.73 0 0 0 0 0 1227 0 2283 0 0 0 0 0 0 0 0 0 0 829 0 0 955 0 0 
9573 82529 198 603.717 0 0 0 0 0 0 0 0 0 0 0 0 0 541 540 0 0 0 0 0 0 0 0 0 
9573 82803 472 1559.64 0 0 0 0 0 574 0 0 0 0 0 598 0 0 0 0 0 0 0 0 0 0 0 0 
9575 83651 145 417.141 2370 0 0 0 0 0 333 479 2734 2870 0 0 0 0 0 0 0 0 0 0 0 0 0 0 
9576 84701 81 246.633 0 0 0 0 0 0 0 0 0 0 0 0 1690 0 0 0 0 0 3858 0 3040 0 2181 0 
9576 85710 1090 3529.01 0 0 0 0 0 0 0 0 1064 0 0 0 0 0 0 0 0 3804 0 734 0 2823 0 0 
9578 87289 453 1354.14 0 0 0 0 0 0 0 0 0 0 0 0 0 0 0 0 0 1030 0 0 608 0 0 0 
9578 87372 536 1641.78 0 0 0 0 0 0 0 0 0 0 0 0 515 0 702 0 0 0 0 0 0 0 157 0 
9585 89855 770 2549.9 0 0 0 0 0 0 0 0 0 0 0 0 0 0 0 568 0 0 0 609 0 0 0 0 
9586 90693 494 1607.27 0 0 0 972 0 0 0 981 0 0 0 0 0 0 0 583 3906 0 0 2796 0 0 0 3698 
9592 93865 171 562.593 1153 0 0 0 0 0 0 0 0 1759 0 0 0 0 0 0 0 0 1940 0 0 1098 0 0 
9592 94352 658 2060.71 0 0 0 0 0 0 0 0 0 0 0 0 0 0 0 780 0 0 0 718 0 0 0 0 
9592 94709 1015 3255.91 0 0 1534 0 0 0 0 0 0 0 0 0 0 0 0 0 3918 0 0 0 0 0 0 3918 
9593 95338 528 1784.85 0 0 0 0 0 1106 0 0 0 1353 0 0 0 3529 390 0 0 0 168 0 0 119 2908 0 
9594 96370 453 1425.25 0 0 0 0 0 0 0 0 0 0 0 0 0 0 0 551 0 0 0 563 0 0 0 0 
9595 97110 72 254.783 0 0 0 0 0 0 0 0 0 0 0 0 0 0 0 594 0 0 0 1023 0 0 0 0 
9595 97333 295 975.869 287 758 0 0 0 0 0 0 0 1633 0 0 0 0 0 0 0 0 0 0 0 0 0 0 
9595 97690 652 2127.39 0 0 0 1583 0 0 0 0 0 1025 0 0 0 0 0 0 1868 0 0 0 0 0 0 1280 
9596 98880 746 2463.51 0 0 0 0 0 0 0 0 0 0 0 0 0 0 0 1310 0 1662 0 1806 0 1174 0 0 
9596 99109 975 3244.28 0 0 0 1353 0 0 0 0 0 0 1491 0 0 0 0 0 0 0 789 0 0 489 0 0 
9598 100049 4 14.658 0 0 0 0 0 0 0 0 0 0 0 0 0 0 0 0 0 0 1432 0 0 547 0 0 
9598 100728 683 2253.49 0 0 0 0 0 0 0 0 0 0 0 0 0 0 0 636 0 0 0 584 0 0 0 0 
9599 101258 121 406.665 0 0 0 0 0 0 0 0 0 0 0 0 0 514 525 0 0 0 0 0 0 0 0 0 
9600 102658 397 1356.92 0 0 2085 0 0 0 0 0 0 0 0 1792 0 0 0 0 0 0 0 0 0 0 0 0 
9600 102713 452 1518.11 0 299 0 0 0 0 0 0 0 0 2013 0 0 0 0 0 0 0 1028 0 0 704 0 0 
9600 103137 876 2982.75 0 0 0 0 0 0 0 0 0 0 0 0 576 0 0 0 0 0 0 0 0 0 899 0 
9600 103161 900 3044.43 0 0 0 0 0 1695 0 0 0 584 0 0 3844 0 0 0 0 0 0 0 0 0 4031 0 
9600 103213 952 3238.57 0 0 0 0 0 0 0 0 0 0 0 0 0 217 0 0 1790 1356 0 0 0 689 0 998 
9601 103525 194 540.459 0 0 0 1191 0 0 0 0 0 0 993 0 0 0 0 0 0 0 930 0 868 0 0 0 
9601 103847 516 1527.73 0 0 0 0 0 0 0 0 0 0 0 1553 344 0 0 0 0 0 0 0 0 0 1699 0 
9601 104241 910 2755.27 0 0 0 0 0 0 0 0 0 0 0 2491 0 0 0 0 0 958 0 0 771 0 0 0 
9601 104455 1124 3433.37 0 0 0 0 1206 0 0 0 0 0 0 1752 0 0 0 0 0 0 0 0 0 0 0 0 
9603 106466 890 2918.3 0 0 0 0 0 0 783 0 0 0 0 0 0 0 0 0 1665 1441 0 0 0 0 0 1896 
9603 106470 894 2925.23 0 0 0 0 0 0 0 0 517 0 0 0 0 0 0 0 0 601 0 0 0 0 0 0 
9603 106659 1083 3568.09 0 0 0 0 0 0 0 0 0 0 0 0 0 0 0 0 0 828 0 0 0 691 0 0 
9604 106730 65 207.114 0 0 0 0 1356 0 0 0 0 0 1455 0 4054 251 0 0 0 0 0 0 0 0 3989 0 
9604 107667 1002 3391.44 0 0 0 0 0 0 0 0 0 0 0 0 0 657 514 0 0 0 0 0 0 0 0 0 
9606 109020 170 554.004 0 0 0 0 0 0 0 0 0 0 0 0 549 0 0 0 0 646 0 0 0 0 0 0 
9606 109953 1103 3532.1 0 0 0 0 0 0 0 0 0 0 0 0 804 0 0 0 0 0 0 0 0 0 563 0 
9609 112991 817 2679.6 0 0 2149 0 0 0 0 0 1036 0 0 0 0 0 0 0 0 2634 0 0 0 910 0 0 
9610 113543 279 904.656 0 0 0 247 2885 0 0 0 0 0 3302 0 0 0 0 0 0 0 0 0 0 0 0 0 
9611 114473 94 286.356 0 0 0 0 0 0 0 0 0 0 0 0 0 0 0 610 0 0 0 761 0 0 0 0 
9612 115994 466 1545.41 0 0 0 0 0 0 0 0 0 0 0 0 0 0 0 518 0 0 0 521 0 0 0 0 
9613 116960 370 1218.33 0 0 0 0 0 0 0 0 0 0 0 0 3899 345 474 0 0 0 1314 0 0 1068 1190 0 
9613 117058 468 1516.61 0 0 0 0 0 938 0 0 840 0 0 0 0 0 0 0 0 0 0 0 0 0 0 0 
9613 117359 769 2482.73 0 0 0 0 0 0 0 0 0 0 0 0 0 0 0 0 0 0 0 907 0 907 0 0 
9616 119741 137 460.786 0 0 0 0 0 2104 0 1523 0 0 0 0 0 0 0 0 0 1129 0 0 0 1030 0 0 
9616 120152 548 1888.48 0 662 392 0 0 0 0 0 0 0 1328 0 538 0 0 0 0 0 0 0 773 0 0 0 
9616 120515 911 3064.75 0 0 0 0 1954 0 0 938 0 0 0 0 0 0 0 0 2681 0 0 0 0 0 0 2287 
9617 121611 951 3015.56 790 0 0 0 0 0 0 0 0 0 0 1146 0 0 0 0 0 0 0 0 0 0 0 0 
9617 121751 1091 3488.98 0 0 0 0 1345 0 0 0 0 0 0 1204 0 0 0 0 0 0 2147 0 1059 0 0 0 
9618 121873 91 299.487 0 0 0 0 0 0 0 0 0 0 0 0 844 0 0 0 0 0 0 0 0 0 503 0 
9618 122087 305 992.722 0 0 0 0 0 763 0 0 714 0 0 0 0 0 0 0 0 0 737 0 0 870 0 0 
9618 122148 366 1181.91 0 0 0 0 0 1027 0 0 0 0 0 1749 0 0 0 0 0 0 0 0 0 0 0 0 
9618 122365 583 1940.48 0 0 0 0 0 0 0 0 0 518 623 0 0 0 0 0 0 0 0 0 0 0 0 0 
9619 123658 777 2618.06 0 0 1104 0 0 0 0 0 0 0 0 0 0 0 0 0 0 1189 0 0 993 0 0 0 
9619 123772 891 3021.8 0 0 0 1614 0 0 0 0 3452 423 0 0 0 0 0 0 0 1188 0 0 1228 0 0 0 
9620 124521 595 2016.34 0 0 0 0 264 3896 0 0 0 0 2489 0 3896 224 0 0 0 0 0 0 0 0 4083 0 
9621 125348 333 1093.01 0 0 0 0 0 0 0 0 0 0 0 549 516 0 0 0 0 0 0 0 0 0 0 0 
9638 126188 598 1985.27 0 0 0 0 0 0 0 0 0 0 0 0 0 0 0 0 0 1020 0 0 0 1470 0 0 
9638 126281 691 2274.19 0 0 0 0 0 0 0 0 0 546 545 0 0 0 0 0 0 0 0 0 0 0 0 0 
9639 127517 848 2754.43 0 0 0 0 0 0 0 0 0 0 0 0 0 652 694 0 0 0 0 0 0 0 0 0 
9640 128481 714 2433.02 0 0 0 0 0 0 0 0 0 0 0 0 0 3195 0 0 0 0 1751 0 0 697 1472 0 
9640 128597 830 2825.03 0 0 2448 0 0 0 0 993 0 0 0 0 0 0 0 4049 0 0 0 3986 0 0 0 0 
9641 129026 195 591.783 1026 0 0 0 0 0 0 0 0 1050 0 0 0 0 0 0 0 0 1128 0 711 0 0 0 
9643 131712 650 2116.69 1699 0 0 0 0 0 0 1641 0 0 0 0 0 0 0 0 0 888 0 171 1942 0 0 0 
9643 132036 974 3177.57 0 1580 0 0 0 0 0 205 1341 0 0 0 0 0 0 964 4072 0 0 4072 0 0 0 0 
9645 133638 357 1220.14 0 0 0 0 0 0 1088 0 0 0 0 0 0 0 0 4045 0 1802 0 3982 0 864 0 0 
9645 134285 1004 3342.44 0 0 0 0 0 0 948 0 0 0 0 0 0 0 0 0 0 1091 0 142 0 888 0 0 
9646 135078 720 2368.61 0 0 0 0 0 0 0 0 0 0 0 0 0 0 0 0 0 1235 0 0 0 553 0 0 
9647 135559 91 307.122 0 0 0 0 0 0 0 0 0 0 0 0 0 793 511 0 0 0 0 0 0 0 0 0 
9647 136477 1009 3414.12 0 0 0 0 0 0 0 0 0 0 0 0 0 0 0 513 0 0 0 742 0 0 0 0 
9651 137436 42 137.8 0 0 0 0 0 0 0 0 0 0 0 0 0 564 573 0 0 0 0 0 0 0 0 0 
9654 137642 69 231.862 0 0 828 0 0 0 0 0 1379 526 0 0 0 0 0 0 0 0 2214 0 935 0 0 0 
9654 137905 332 1076.63 0 0 0 0 0 0 0 0 0 0 0 0 0 0 682 0 0 0 0 0 0 0 525 0 
9655 139108 1060 3558.19 0 0 0 1885 0 0 0 0 1121 0 0 0 0 0 0 0 0 0 1323 0 2872 0 0 0 
9656 140025 906 2939.98 0 0 0 1383 0 0 0 0 1553 0 0 0 0 0 0 0 0 2657 0 0 745 0 0 0 
9658 142338 1032 3346.09 0 0 0 0 0 0 0 0 0 0 0 0 0 0 0 0 0 0 1928 0 1808 0 0 0 
9658 142353 1047 3398.1 0 0 0 1576 0 0 0 0 1329 0 0 0 0 0 0 0 0 0 0 0 0 0 0 0 
9659 142542 120 379.878 0 764 0 0 0 0 0 645 0 0 0 0 0 0 0 0 0 0 0 0 0 0 0 0 
9659 143020 598 1946.07 0 0 0 0 0 0 0 0 0 0 0 0 0 0 634 0 0 0 0 503 0 0 0 0 
9660 144462 949 3107.37 0 851 0 0 0 0 0 0 1152 0 0 0 0 0 347 0 0 250 0 0 0 0 0 0 
9661 145297 675 2160.26 0 0 0 0 0 891 0 0 0 1017 0 0 0 0 0 0 0 0 571 0 562 0 0 0 
9662 145683 190 604.348 0 847 0 0 0 0 0 0 0 784 0 0 0 0 0 0 0 0 0 0 0 0 0 0 
9662 146514 1021 3329.12 0 0 1342 0 0 0 0 0 0 1615 0 0 1530 0 0 0 0 0 0 0 0 0 1612 0 
9663 146942 350 1122.01 445 0 0 0 0 0 1994 317 0 0 0 0 0 0 0 4083 0 203 2878 4020 4020 894 0 0 
9664 147667 20 71.2081 0 0 0 0 2133 0 0 0 0 1667 0 0 0 0 0 0 0 0 0 0 0 0 0 0 
9664 147858 211 723.359 0 0 1265 0 0 0 0 0 0 1257 0 0 0 0 0 0 0 0 999 0 0 1130 0 0 
9666 150187 374 1257.71 0 0 0 0 0 0 0 0 0 0 0 0 0 3861 3861 0 0 0 954 0 0 1045 0 0 
9666 150600 787 2683.09 0 0 0 0 0 0 0 0 0 0 0 0 0 0 0 0 0 1657 0 0 1027 0 0 0 
9667 151346 480 1590.6 0 0 0 0 0 0 0 335 0 0 0 0 0 0 0 3231 0 0 0 3898 0 0 0 0 
9668 152047 88 299.341 880 0 0 0 0 0 0 0 0 0 0 1813 0 0 0 0 0 0 0 0 0 0 0 0 
9669 152906 168 504.326 0 0 0 0 0 0 0 0 0 0 0 0 0 0 0 881 0 0 0 665 0 0 0 0 
9673 153174 44 176.811 0 0 0 0 0 0 915 0 0 0 0 0 0 0 0 0 0 1419 0 0 1192 0 0 0 
9674 153261 2 5.75296 0 0 0 0 0 0 890 0 0 0 0 0 0 217 0 0 3988 0 912 0 0 767 0 3988 
9678 153734 295 947.546 0 0 0 0 0 0 0 0 0 0 0 0 0 0 0 2206 0 977 0 2247 0 824 0 0 
9679 154742 240 778.743 0 0 0 0 0 0 0 0 0 353 0 0 0 0 0 0 0 0 781 0 687 0 0 0 
9710 157111 184 645.339 0 0 0 0 1095 0 0 0 1193 0 0 0 0 0 0 0 3464 0 0 0 0 0 0 2233 
9710 157257 330 1115.15 0 0 548 0 0 0 0 0 929 0 0 0 0 0 0 0 0 2841 0 0 0 1323 0 0 
9710 157306 379 1295.32 0 0 333 0 0 0 0 0 0 0 0 2612 1625 0 0 0 0 0 0 0 0 0 1308 0 
9710 157521 594 2037.29 0 0 0 0 336 4043 0 0 0 0 4043 0 383 232 0 0 0 0 3538 0 1096 1215 229 0 
9710 157655 728 2451.89 0 0 1027 0 0 0 744 0 0 0 0 0 0 0 0 0 0 0 0 0 0 0 0 0 
9711 157928 255 893.843 0 0 0 0 0 0 0 0 0 0 0 0 0 0 511 0 0 0 0 0 0 0 532 0 
9712 159777 1018 3463.77 0 0 0 0 0 0 649 0 0 0 0 0 0 0 0 0 3993 0 660 0 0 570 0 3993 
9713 160268 446 1506.65 0 0 0 0 0 0 0 0 0 0 0 0 0 0 0 4068 0 1633 0 3045 0 890 0 0 
9713 160817 995 3426.12 0 0 0 0 0 0 0 0 0 0 0 0 0 535 551 0 0 0 0 0 0 0 0 0 
9714 161221 351 1154.29 1040 0 0 0 0 0 0 0 0 0 0 1092 0 0 0 0 0 0 0 0 0 0 0 0 
9717 164161 39 122.028 1157 0 0 0 0 0 0 627 1070 0 0 0 0 0 0 2430 0 0 0 3320 0 0 0 0 
9717 164813 691 2157.31 0 0 0 0 0 0 0 0 0 0 0 0 0 567 665 0 0 0 0 0 0 0 0 0 
9719 166390 83 286.341 0 0 1372 0 0 0 314 3022 444 0 0 0 0 0 0 1892 0 0 0 1834 0 0 0 0 
9719 166574 267 923.17 0 0 0 0 0 1292 0 0 2056 0 0 0 0 272 558 0 3998 0 0 0 0 0 0 3998 
9720 166727 152 480.605 0 1097 0 0 0 0 0 0 0 1335 0 0 0 0 0 3858 0 0 0 4048 0 0 0 0 
9720 167295 720 2405.81 0 0 0 0 0 0 0 0 0 0 0 1278 0 0 0 0 0 1591 0 0 1505 0 0 0 
9721 168079 424 1438.77 0 0 0 1947 0 0 0 0 0 1297 0 0 0 0 0 0 0 1816 0 0 0 889 0 0 
9721 168633 978 3249.15 0 0 0 0 1130 0 0 0 0 0 1722 0 0 0 0 0 0 0 916 0 0 1084 0 0 
9723 170260 456 1424.33 2292 0 0 0 0 0 330 805 1914 1124 261 270 0 0 0 990 0 3795 133 627 2424 0 0 0 
9725 171457 487 1576.94 0 0 1155 0 0 0 0 0 0 0 1317 0 0 0 0 0 0 1019 0 0 830 0 0 0 
9726 172314 224 753.476 0 0 0 0 0 0 0 0 0 0 0 0 0 615 573 0 0 0 0 0 0 0 0 0 
9726 172360 270 903.175 0 0 0 1036 0 0 0 0 0 706 0 0 0 0 0 0 0 1172 0 0 0 670 0 0 
9726 172614 524 1670.13 0 0 0 0 0 551 0 0 0 0 540 0 0 0 0 0 0 0 0 0 0 0 0 0 
9727 173557 363 1203.2 0 0 0 0 0 0 0 0 0 520 509 0 0 0 0 0 0 0 0 0 0 0 0 0 
9728 174435 162 541.812 0 0 0 0 0 0 0 0 0 0 0 0 0 0 0 0 1285 0 1293 0 1443 0 0 835 
9730 174806 242 825.892 1132 0 0 0 0 0 0 397 0 0 0 0 0 0 0 3725 0 0 0 3940 0 0 0 0 
9760 175944 349 1221.45 263 2036 4085 367 519 0 332 4085 4085 458 0 0 0 0 0 0 0 1168 0 264 1525 0 0 0 
9760 176265 670 2325.53 0 0 501 0 0 0 0 0 0 525 0 0 0 0 0 0 0 0 0 0 0 0 0 0 
9762 177044 346 1111.09 0 0 0 0 0 0 0 0 0 0 0 0 0 0 0 0 933 0 1047 0 1386 0 0 1084 
9763 177558 15 65.6772 0 0 0 0 0 0 635 0 0 0 0 0 0 0 0 0 0 602 0 0 0 0 0 0 
9764 178381 28 80.0213 0 0 0 0 0 3916 448 234 2505 0 0 0 0 0 0 0 0 1660 0 0 1075 0 0 0 
9764 178624 271 938.545 0 0 0 0 0 0 0 0 0 0 0 0 0 0 0 0 0 1324 0 0 2391 0 0 0 
9764 179045 692 2315.56 0 0 0 0 0 0 0 0 0 0 0 0 0 0 0 0 0 570 0 0 539 0 0 0 
9765 180075 633 2095.11 0 0 0 0 0 0 0 0 0 0 0 0 0 0 0 555 0 0 0 526 0 0 0 0 
9766 181152 1016 3500.02 0 0 594 0 0 0 0 0 0 0 0 0 0 0 0 0 0 0 755 0 0 0 0 0 
9767 181556 367 1195.78 0 0 1901 228 0 0 0 0 1152 0 0 0 0 1624 2390 0 0 0 0 0 0 0 0 0 
9768 183210 933 2963.34 0 2707 382 0 0 0 0 0 0 720 3874 232 0 0 0 0 0 0 0 0 0 0 0 0 
9769 184002 601 1896.51 0 0 0 0 0 0 0 0 0 0 0 0 0 0 0 572 0 0 0 519 0 0 0 0 
9769 184230 829 2626.02 0 0 0 0 0 0 0 0 0 0 0 0 0 1502 1911 0 4052 0 0 0 0 0 0 4052 
9769 184421 1020 3198.59 313 0 0 0 0 0 0 0 0 848 0 0 0 0 0 0 0 1148 0 271 0 845 0 0 
9770 185036 517 1858.28 764 0 0 0 0 0 0 1136 0 0 0 0 0 0 0 2633 0 0 0 1562 0 0 0 0 
9771 186200 644 2144.75 0 0 0 0 0 0 0 0 0 0 0 0 2535 0 0 0 0 0 1232 0 914 0 288 0 
9771 186585 1029 3403.34 0 0 0 0 0 0 0 2032 0 0 0 0 0 0 0 3744 0 0 0 3964 0 0 0 0 
9773 187929 199 654.21 0 0 0 0 0 0 0 0 0 0 0 0 0 0 0 930 0 0 0 530 0 0 0 0 
9773 188400 670 2182.79 0 0 0 0 0 0 0 0 0 0 0 0 0 0 0 0 0 760 0 0 1001 0 0 0 
9774 189273 464 1559.64 0 0 0 0 0 0 0 0 0 0 0 0 0 0 0 0 0 148 1276 0 1776 0 0 0 
9774 189399 590 1971.96 0 0 0 0 0 0 0 0 2198 419 0 0 0 0 0 213 0 1436 0 148 0 919 0 0 
9775 190010 109 330.291 0 961 0 0 0 0 0 0 0 0 1169 0 0 0 0 0 0 1254 0 0 0 547 0 0 
9776 191311 291 966.051 0 0 0 1253 0 0 641 0 0 0 0 0 0 0 0 0 0 0 0 0 0 0 0 0 
9777 193161 1032 3449.63 0 0 0 0 0 0 0 0 0 0 0 0 0 519 597 0 0 0 0 0 0 0 0 0 
9779 194642 323 1051.03 0 0 2645 0 0 0 0 0 0 0 0 1467 0 0 0 0 0 1379 0 0 1319 0 0 0 
9779 195408 1089 3545.45 0 0 0 0 0 0 0 0 0 0 0 0 0 661 561 0 0 0 0 0 0 0 0 0 
9781 195647 126 412.348 0 0 0 0 0 0 0 0 0 0 0 0 0 0 0 0 0 0 1317 0 1369 0 0 0 
9781 196490 969 3130.17 0 0 0 715 0 0 0 0 0 0 0 0 327 0 0 0 0 0 0 0 0 0 577 0 
9781 196539 1018 3284.33 0 0 0 566 0 0 0 0 538 0 0 0 353 0 0 0 0 0 0 0 0 0 0 0 
9782 196643 16 48.2679 1073 0 0 0 0 0 0 0 870 0 0 0 0 0 0 0 0 0 0 0 0 0 0 0 
9815 198588 274 992.751 0 0 0 0 0 1352 0 3609 0 0 0 0 0 0 0 0 0 0 859 0 1015 0 0 0 
9816 200192 807 2660.68 0 0 1545 0 0 0 347 3035 0 0 0 0 0 1551 1302 0 0 0 0 0 0 0 0 0 
9817 200656 160 524.329 0 0 1884 0 0 0 0 0 0 0 1221 0 0 0 0 0 1111 0 0 0 0 0 0 1254 
9817 201097 601 2027.07 0 0 0 0 0 0 0 0 0 0 0 0 0 3011 1075 0 2230 0 0 0 0 0 0 2019 
9818 202278 714 2450.82 0 0 0 0 0 0 0 0 0 0 0 0 4046 0 0 0 0 0 0 0 0 0 3988 0 
9818 202604 1040 3595.51 0 0 0 0 0 0 0 0 0 0 0 0 0 0 0 676 0 0 0 651 0 0 0 0 
9819 202916 308 1081.71 0 0 0 0 0 0 0 0 0 0 0 0 585 0 0 0 0 0 0 0 554 0 0 0 
9820 204115 436 1454.72 0 0 0 0 0 0 0 0 0 0 0 0 0 0 549 0 0 510 0 0 0 0 0 0 
9821 205508 760 2619.53 0 1474 0 0 0 0 0 0 0 1385 0 0 0 0 0 0 0 0 1773 0 0 1150 0 0 
9822 205820 24 65.633 0 0 0 0 0 0 0 0 0 0 0 0 0 0 0 0 0 833 0 0 0 866 0 0 
9823 206062 216 731.156 0 0 0 0 0 0 0 0 0 0 0 0 344 0 579 0 0 0 0 0 0 0 505 0 
9823 206648 802 2685.35 0 0 0 0 1449 0 1066 0 0 0 0 0 0 0 0 0 2585 0 0 0 0 0 0 0 
9825 208882 865 2769.01 0 0 0 2249 249 0 0 0 386 0 0 0 0 0 0 0 0 1104 0 0 864 0 0 0 
9828 211996 667 2241.1 0 0 1243 0 0 0 0 1052 0 0 0 0 0 0 0 0 0 890 0 0 1057 0 0 0 
9828 212031 702 2366.04 0 0 0 0 861 0 0 0 0 0 0 0 0 3865 3399 0 396 0 1932 0 0 2505 0 0 
9828 212207 878 2908.12 0 0 0 0 0 1616 1837 1843 0 0 0 0 0 0 0 0 3883 0 0 0 0 0 0 3883 
9829 212881 481 1588.3 0 0 0 0 0 0 0 0 516 676 0 0 0 0 0 0 0 0 0 0 0 0 0 0 
9830 213706 208 735.935 0 0 0 0 0 0 715 0 0 0 0 0 0 0 0 0 0 0 0 1262 0 0 0 0 
9830 214173 675 2222.89 0 0 0 3150 0 0 0 1096 0 0 0 0 0 0 0 0 0 1160 0 0 0 2121 0 0 
9831 214648 76 240.108 0 0 0 0 0 0 0 0 0 0 0 1012 0 0 0 0 0 1405 0 0 668 0 0 0 
9760 217837 349 1221.45 263 2036 4085 367 519 0 332 4085 4085 458 0 0 0 0 0 0 0 1168 0 264 1525 0 0 0 
9760 218158 670 2325.53 0 0 501 0 0 0 0 0 0 525 0 0 0 0 0 0 0 0 0 0 0 0 0 0 
9762 218937 346 1111.09 0 0 0 0 0 0 0 0 0 0 0 0 0 0 0 0 933 0 1047 0 1386 0 0 1084 
9763 219451 15 65.6772 0 0 0 0 0 0 635 0 0 0 0 0 0 0 0 0 0 602 0 0 0 0 0 0 
9764 220274 28 80.0213 0 0 0 0 0 3916 448 234 2505 0 0 0 0 0 0 0 0 1660 0 0 1075 0 0 0 
9764 220517 271 938.545 0 0 0 0 0 0 0 0 0 0 0 0 0 0 0 0 0 1324 0 0 2391 0 0 0 
9764 220938 692 2315.56 0 0 0 0 0 0 0 0 0 0 0 0 0 0 0 0 0 570 0 0 539 0 0 0 
9765 221968 633 2095.11 0 0 0 0 0 0 0 0 0 0 0 0 0 0 0 555 0 0 0 526 0 0 0 0 
9766 223045 1016 3500.02 0 0 594 0 0 0 0 0 0 0 0 0 0 0 0 0 0 0 755 0 0 0 0 0 
9767 223449 367 1195.78 0 0 1901 228 0 0 0 0 1152 0 0 0 0 1624 2390 0 0 0 0 0 0 0 0 0 
9768 225103 933 2963.34 0 2707 382 0 0 0 0 0 0 720 3874 232 0 0 0 0 0 0 0 0 0 0 0 0 
9769 225895 601 1896.51 0 0 0 0 0 0 0 0 0 0 0 0 0 0 0 572 0 0 0 519 0 0 0 0 
9769 226123 829 2626.02 0 0 0 0 0 0 0 0 0 0 0 0 0 1502 1911 0 4052 0 0 0 0 0 0 4052 
9769 226314 1020 3198.59 313 0 0 0 0 0 0 0 0 848 0 0 0 0 0 0 0 1148 0 271 0 845 0 0 
9770 226929 517 1858.28 764 0 0 0 0 0 0 1136 0 0 0 0 0 0 0 2633 0 0 0 1562 0 0 0 0 
9771 228093 644 2144.75 0 0 0 0 0 0 0 0 0 0 0 0 2535 0 0 0 0 0 1232 0 914 0 288 0 
9771 228478 1029 3403.34 0 0 0 0 0 0 0 2032 0 0 0 0 0 0 0 3744 0 0 0 3964 0 0 0 0 
9773 229822 199 654.21 0 0 0 0 0 0 0 0 0 0 0 0 0 0 0 930 0 0 0 530 0 0 0 0 
9773 230293 670 2182.79 0 0 0 0 0 0 0 0 0 0 0 0 0 0 0 0 0 760 0 0 1001 0 0 0 
9774 231166 464 1559.64 0 0 0 0 0 0 0 0 0 0 0 0 0 0 0 0 0 148 1276 0 1776 0 0 0 
9774 231292 590 1971.96 0 0 0 0 0 0 0 0 2198 419 0 0 0 0 0 213 0 1436 0 148 0 919 0 0 
9775 231903 109 330.291 0 961 0 0 0 0 0 0 0 0 1169 0 0 0 0 0 0 1254 0 0 0 547 0 0 
9776 233204 291 966.051 0 0 0 1253 0 0 641 0 0 0 0 0 0 0 0 0 0 0 0 0 0 0 0 0 
9777 235054 1032 3449.63 0 0 0 0 0 0 0 0 0 0 0 0 0 519 597 0 0 0 0 0 0 0 0 0 
9779 236535 323 1051.03 0 0 2645 0 0 0 0 0 0 0 0 1467 0 0 0 0 0 1379 0 0 1319 0 0 0 
9779 237301 1089 3545.45 0 0 0 0 0 0 0 0 0 0 0 0 0 661 561 0 0 0 0 0 0 0 0 0 
9781 237540 126 412.348 0 0 0 0 0 0 0 0 0 0 0 0 0 0 0 0 0 0 1317 0 1369 0 0 0 
9781 238383 969 3130.17 0 0 0 715 0 0 0 0 0 0 0 0 327 0 0 0 0 0 0 0 0 0 577 0 
9781 238432 1018 3284.33 0 0 0 566 0 0 0 0 538 0 0 0 353 0 0 0 0 0 0 0 0 0 0 0 
9782 238536 16 48.2679 1073 0 0 0 0 0 0 0 870 0 0 0 0 0 0 0 0 0 0 0 0 0 0 0 
9815 240481 274 992.751 0 0 0 0 0 1352 0 3609 0 0 0 0 0 0 0 0 0 0 859 0 1015 0 0 0 
9816 242085 807 2660.68 0 0 1545 0 0 0 347 3035 0 0 0 0 0 1551 1302 0 0 0 0 0 0 0 0 0 
9817 242549 160 524.329 0 0 1884 0 0 0 0 0 0 0 1221 0 0 0 0 0 1111 0 0 0 0 0 0 1254 
9817 242990 601 2027.07 0 0 0 0 0 0 0 0 0 0 0 0 0 3011 1075 0 2230 0 0 0 0 0 0 2019 
9818 244171 714 2450.82 0 0 0 0 0 0 0 0 0 0 0 0 4046 0 0 0 0 0 0 0 0 0 3988 0 
9818 244497 1040 3595.51 0 0 0 0 0 0 0 0 0 0 0 0 0 0 0 676 0 0 0 651 0 0 0 0 
9819 244809 308 1081.71 0 0 0 0 0 0 0 0 0 0 0 0 585 0 0 0 0 0 0 0 554 0 0 0 
9820 246008 436 1454.72 0 0 0 0 0 0 0 0 0 0 0 0 0 0 549 0 0 510 0 0 0 0 0 0 
9821 247401 760 2619.53 0 1474 0 0 0 0 0 0 0 1385 0 0 0 0 0 0 0 0 1773 0 0 1150 0 0 
9822 247713 24 65.633 0 0 0 0 0 0 0 0 0 0 0 0 0 0 0 0 0 833 0 0 0 866 0 0 
9823 247955 216 731.156 0 0 0 0 0 0 0 0 0 0 0 0 344 0 579 0 0 0 0 0 0 0 505 0 
9823 248541 802 2685.35 0 0 0 0 1449 0 1066 0 0 0 0 0 0 0 0 0 2585 0 0 0 0 0 0 0 
9825 250775 865 2769.01 0 0 0 2249 249 0 0 0 386 0 0 0 0 0 0 0 0 1104 0 0 864 0 0 0 
9828 253889 667 2241.1 0 0 1243 0 0 0 0 1052 0 0 0 0 0 0 0 0 0 890 0 0 1057 0 0 0 
9828 253924 702 2366.04 0 0 0 0 861 0 0 0 0 0 0 0 0 3865 3399 0 396 0 1932 0 0 2505 0 0 
9828 254100 878 2908.12 0 0 0 0 0 1616 1837 1843 0 0 0 0 0 0 0 0 3883 0 0 0 0 0 0 3883 
9829 254774 481 1588.3 0 0 0 0 0 0 0 0 516 676 0 0 0 0 0 0 0 0 0 0 0 0 0 0 
9830 255599 208 735.935 0 0 0 0 0 0 715 0 0 0 0 0 0 0 0 0 0 0 0 1262 0 0 0 0 
9830 256066 675 2222.89 0 0 0 3150 0 0 0 1096 0 0 0 0 0 0 0 0 0 1160 0 0 0 2121 0 0 
9831 256541 76 240.108 0 0 0 0 0 0 0 0 0 0 0 1012 0 0 0 0 0 1405 0 0 668 0 0 0 
9847 259449 722 1983.59 0 0 601 0 0 0 0 0 0 0 0 0 0 0 0 0 0 781 0 0 0 0 0 0 
9848 260291 287 765.618 0 0 0 0 0 0 0 0 0 0 0 0 0 0 0 3258 0 3270 0 1801 0 3213 0 0 
9848 260450 446 1211.04 797 0 0 0 0 0 304 0 0 0 0 0 0 0 0 2561 0 0 0 0 0 0 0 0 
9849 261512 237 668.069 0 0 0 0 0 0 563 0 0 0 0 0 0 0 0 0 0 0 0 0 0 0 0 0 
9849 261646 371 1040.49 0 0 0 0 0 0 0 0 0 0 0 0 0 0 0 0 0 0 0 0 0 0 0 0 
9849 261950 675 1916.95 0 0 0 1813 0 0 0 0 0 1135 0 0 0 1565 2054 0 0 0 0 0 0 705 0 0 
9851 262646 65 205.067 0 0 0 0 0 0 0 0 0 0 0 0 0 0 538 0 778 0 0 0 0 0 0 0 
9852 264035 160 484.654 0 1716 0 257 0 0 3092 0 0 0 0 0 0 0 0 0 0 0 0 909 0 0 0 0 
9852 264916 1041 2901.47 0 0 0 0 0 959 0 0 0 1653 0 0 0 0 0 0 0 1279 0 0 1034 0 0 0 
9853 265113 41 128.749 0 0 0 0 0 0 1007 0 0 0 0 0 0 0 0 0 3845 0 3388 0 0 3510 0 3845 
9853 265396 324 913.678 0 1303 0 0 0 0 0 0 0 1617 0 0 0 0 0 0 0 495 0 1643 0 1066 0 0 
9853 266131 1059 3060.29 0 797 0 0 0 0 0 0 1062 0 0 0 0 0 0 0 0 1106 0 0 802 0 0 0 
9854 266793 466 1378.6 0 0 0 530 0 0 0 0 0 0 0 0 0 0 0 0 0 0 0 0 0 0 0 0 
9857 268623 817 2263.17 538 2219 0 0 0 0 0 0 1896 0 0 0 0 0 0 0 0 0 0 0 0 0 0 0 
9858 269327 244 805.637 0 0 0 0 0 0 0 0 0 0 0 0 882 0 0 0 0 0 0 0 0 0 542 0 
9858 269428 345 1107.14 0 0 0 0 0 1115 0 0 0 0 665 0 0 0 0 0 0 0 2026 0 0 2454 142 0 
9858 269530 447 1375.61 0 0 0 0 0 0 0 0 0 0 0 0 4007 0 0 0 0 0 1006 0 1009 0 3951 0 
9858 270166 1083 3209.58 0 0 0 0 0 0 0 0 0 0 0 0 0 0 0 0 0 0 0 0 0 0 0 0 
9858 270286 1203 3533.19 0 0 0 0 0 0 0 0 0 0 0 0 0 0 0 0 0 0 0 0 0 0 0 0 
9859 270596 288 831.191 0 0 405 0 0 0 1660 0 0 0 0 0 0 450 0 336 3893 0 973 1087 0 898 0 3893 
9859 271185 877 2505.15 0 0 0 0 0 293 0 0 0 0 0 0 3864 229 319 0 0 0 0 0 0 0 4060 0 
9859 271450 1142 3247.21 0 0 0 0 0 0 0 867 0 0 0 0 0 0 0 3691 0 0 0 4047 0 0 0 0 
9861 273269 462 1284.58 0 0 0 0 0 0 0 0 0 0 0 0 0 0 0 0 0 0 0 0 0 0 0 0 
9863 275851 493 1411.7 0 0 0 0 0 1122 0 0 0 0 0 2436 0 0 0 0 0 0 0 0 0 0 3929 0 
9863 276062 704 1980.85 0 0 552 0 0 0 0 0 0 0 0 0 0 0 0 0 0 0 0 0 0 0 0 0 
9864 276953 327 920.003 3889 0 0 0 0 0 307 3889 0 0 0 0 0 0 0 0 0 1545 0 0 0 771 0 0 
9864 277071 445 1234.43 501 0 0 0 0 0 0 0 0 0 0 579 0 0 0 0 0 0 0 0 0 0 0 0 
9864 277829 1203 3485.08 0 0 1230 0 0 0 0 1116 0 0 0 0 0 0 0 0 0 0 810 0 774 0 0 0 
9865 278574 699 1875.56 0 0 0 0 0 0 0 0 0 0 507 0 0 0 0 0 0 0 0 0 0 0 0 0 
9865 278815 940 2585.68 0 0 0 0 913 0 0 0 2533 0 0 0 0 0 0 0 0 0 542 0 0 591 0 0 
9866 279666 459 1327.14 0 0 0 0 0 0 0 0 0 0 0 604 0 656 0 0 0 0 0 0 0 0 0 0 
9866 279707 500 1430.33 0 0 0 0 0 0 1902 0 0 0 0 0 0 0 0 305 0 1343 0 2927 1404 0 0 0 
9867 280870 391 1136.49 0 0 0 0 0 0 971 0 0 0 0 0 0 0 0 4002 0 1623 0 3946 0 1406 0 0 
9867 281196 717 2083.5 0 0 0 250 2536 359 0 0 3928 0 0 0 0 0 0 0 0 0 0 0 0 0 0 0 
9868 282283 547 1435.36 0 0 0 0 0 0 0 0 0 0 0 0 0 695 0 0 0 0 0 0 0 0 0 0 
9869 283261 231 702.066 0 0 0 1244 0 0 0 0 1229 0 0 0 0 0 0 0 4074 0 0 0 0 0 0 4074 
9870 284751 543 1579.33 0 0 0 0 0 0 0 0 0 0 0 0 0 541 557 0 0 0 0 0 0 0 0 0 
9870 285283 1075 3167.49 0 0 0 0 0 0 0 0 0 0 0 0 0 0 0 0 1755 0 676 0 0 658 0 1403 
9871 286269 838 2458.18 0 0 0 0 0 0 0 0 0 0 0 0 0 638 0 0 0 0 0 0 0 0 0 0 
9871 286340 909 2671.36 0 0 0 0 0 0 0 0 0 0 0 0 0 217 567 0 0 0 0 0 0 0 0 0 
9871 286480 1049 3080.83 0 0 0 0 0 0 0 0 0 0 0 0 0 731 714 0 0 0 0 0 0 0 0 0 
9872 286775 105 317.176 0 0 0 0 0 0 0 910 0 0 0 0 0 0 0 0 0 1738 0 0 1128 0 0 0 
9872 287783 1113 3150.72 1436 0 0 0 0 0 0 1777 0 0 0 0 0 0 0 0 0 0 0 0 0 0 0 0 
9873 288839 900 2629.02 0 0 0 0 0 0 0 0 0 0 0 0 0 0 0 0 0 1707 0 0 0 1089 0 0 
9873 289039 1100 3207.88 0 0 0 0 0 0 0 0 0 0 0 0 0 2197 2121 0 0 0 1192 0 0 3002 0 0 
9874 290069 884 2509.8 0 0 0 0 0 0 0 0 0 0 0 0 0 0 530 0 0 0 0 0 0 0 0 0 
9875 291208 755 2223.38 2262 330 0 0 0 0 386 220 2097 371 188 0 0 0 0 0 0 615 0 165 0 0 0 0 
9876 292509 813 2502.73 0 0 0 0 0 0 0 0 0 0 0 0 0 0 0 542 0 0 0 530 0 0 0 0 
9876 292514 818 2509.19 0 0 0 0 0 0 0 0 0 546 0 0 511 0 0 0 0 0 0 0 0 0 0 0 
9878 294059 860 2372.99 1431 0 0 0 0 0 0 0 777 0 0 0 0 0 0 0 0 0 0 0 0 0 0 0 
9879 294929 471 1269.97 1234 0 0 0 0 0 0 0 0 0 0 0 0 0 0 0 0 1045 0 0 0 643 0 0 
9881 296977 12 38.397 0 0 0 529 0 0 0 0 0 0 0 0 0 0 0 0 0 0 0 0 0 0 0 0 
9884 299358 735 2213.05 0 0 1002 0 0 0 0 0 0 895 0 0 0 0 0 0 0 0 702 0 583 0 0 0 
9886 301486 415 1177.36 1160 0 0 0 0 0 0 0 1466 0 0 0 0 0 0 0 0 0 919 0 0 1564 0 0 
9886 302258 1187 3392.75 0 0 0 0 0 0 0 0 538 556 0 0 0 0 0 0 0 0 0 0 0 0 0 0 
9887 302842 520 1520.15 0 0 0 0 0 0 0 0 0 0 0 0 0 0 518 0 0 769 0 0 0 0 0 0 
9888 304807 1233 3527.43 0 0 0 0 0 0 0 0 0 0 0 0 0 0 0 0 0 0 869 0 1712 0 0 0 
9889 304874 42 125.931 0 0 0 1584 302 0 0 0 0 1229 0 0 0 0 0 0 0 0 0 0 0 0 0 0 
9889 305640 808 2337.96 0 0 0 0 0 0 0 0 0 1244 0 0 0 0 0 0 0 982 0 0 0 724 0 0 
9889 306024 1192 3444.22 0 0 1376 0 0 0 0 0 747 0 0 0 0 0 0 0 2383 0 0 126 0 0 0 2004 
9890 306814 735 2113.16 0 0 0 0 0 0 0 0 0 0 0 0 0 0 0 0 0 3627 0 0 0 1228 0 0 
9892 308651 113 392.404 0 0 0 0 0 0 0 0 0 0 0 0 0 0 0 0 0 1116 0 0 873 0 0 0 
9892 308989 451 1384.42 0 0 0 0 0 0 0 0 0 0 0 0 0 0 0 794 0 0 0 583 0 0 0 0 
9892 309497 959 2819.81 0 961 0 0 0 0 0 0 0 0 0 0 0 0 0 4094 0 0 0 4038 0 0 0 0 
9893 309787 30 77.0114 0 0 0 0 1194 0 0 0 0 0 0 0 0 0 0 0 0 1556 0 0 0 820 0 0 
9895 312518 196 583.393 0 0 0 0 1581 0 0 0 1608 0 0 0 0 0 0 0 0 1416 0 0 0 936 0 0 
9895 312792 470 1349.29 0 0 0 0 0 304 1308 0 0 0 0 0 0 233 0 0 2793 0 0 0 0 0 0 0 
9895 313039 717 2071.92 0 0 0 0 0 0 0 0 0 0 0 0 1596 0 0 0 0 0 1652 0 0 1066 2830 0 
9895 313137 815 2314.15 0 0 0 0 0 0 0 0 0 0 0 0 0 0 0 538 0 0 0 0 0 0 0 0 
9896 313984 411 1174.81 0 0 0 0 0 0 0 0 0 0 0 0 0 0 0 0 0 880 0 0 908 0 0 0 
9896 314771 1198 3390.98 0 0 0 0 0 0 0 0 0 0 0 895 0 0 0 0 0 0 794 0 875 0 0 0 
9897 315922 1057 3097.31 0 0 0 0 0 0 0 0 0 0 0 0 517 0 0 0 0 0 0 0 0 0 0 0 
9898 317245 1137 3267.17 0 1466 0 0 0 0 0 0 1336 0 0 0 0 0 0 1170 0 0 0 1866 0 0 0 0 
9898 317295 1187 3431.29 0 0 508 512 0 0 0 0 0 0 0 0 0 0 0 0 0 0 0 0 0 0 0 0 
9900 319795 1195 3440.73 0 1250 0 0 0 0 0 0 0 0 0 1378 0 0 0 0 0 0 0 0 0 0 0 0 
9900 319816 1216 3496.27 0 0 0 0 0 0 0 0 0 0 0 0 0 0 0 0 0 0 0 0 0 0 0 0 
9901 319982 132 399 0 0 0 0 2318 0 0 0 0 0 1366 0 0 0 0 0 0 2363 0 0 1176 0 0 0 
9901 320231 381 1095.04 0 0 0 0 0 0 0 0 0 0 0 0 0 0 0 0 0 922 0 0 994 0 0 0 
9904 324136 461 1218.85 0 1026 0 0 0 0 0 0 0 0 1288 0 0 0 0 0 0 0 0 0 0 0 0 0 
9905 325645 695 2004.89 0 0 0 0 0 0 1124 0 0 0 0 0 0 0 0 4068 0 1170 0 4012 0 856 0 0 
9909 328296 292 805.038 0 0 0 0 0 0 0 0 0 0 0 0 0 3859 3859 0 0 0 764 0 813 0 0 0 
9911 331440 965 2776.8 0 0 0 0 0 0 0 0 0 0 0 0 0 0 0 0 0 0 0 0 0 0 0 0 
9929 333519 0 2.2804 0 0 0 0 0 0 0 0 0 0 0 0 0 598 561 0 0 0 0 0 0 0 0 0 
9930 333965 267 826.161 0 0 0 0 0 0 0 0 0 0 0 0 507 0 0 0 0 0 0 0 0 0 610 0 
9930 334608 910 2627.33 1474 0 0 0 0 0 0 2771 0 0 0 0 0 0 0 0 0 0 0 0 0 0 0 0 
9933 1048 118 340.719 0 0 0 0 0 0 0 0 0 0 0 0 0 265 0 0 2733 0 793 0 0 477 0 2106 0 0 0 0 0 0 0 0 
9935 2600 238 694.209 0 0 0 0 0 0 0 0 0 0 0 0 0 0 0 817 0 0 0 811 0 0 0 0 0 0 0 0 0 0 0 0 
9935 2904 542 1601.08 0 0 0 0 0 914 0 0 0 1080 0 0 3937 0 0 0 0 0 0 0 0 0 3885 0 0 0 0 0 0 0 0 0 
9951 3583 428 1275.18 0 0 848 0 0 0 0 0 911 0 0 0 0 0 0 0 0 1035 0 0 673 0 0 0 0 0 0 0 0 0 0 0 
9951 4313 1158 3372.11 0 0 0 0 0 0 0 0 0 0 0 0 0 0 0 233 2562 1614 0 159 0 879 0 1342 0 0 0 0 0 0 0 0 
9952 5074 682 2060.54 2146 0 0 0 0 0 0 1280 0 0 0 0 0 1415 0 0 0 0 0 0 0 517 0 0 0 0 0 0 0 0 0 0 
9953 6686 1053 2906.1 0 0 0 0 0 0 0 1218 0 0 0 0 0 0 0 0 0 0 0 0 0 0 0 0 0 0 831 1398 0 155 179 0 
9954 7225 293 890.586 0 1690 0 0 0 0 0 0 0 586 2163 0 0 0 0 0 0 0 0 0 0 0 0 0 0 0 0 0 3334 3009 0 0 
9954 7930 998 2980.8 0 0 0 0 0 0 0 0 0 0 0 0 0 0 0 738 0 0 0 603 0 0 0 0 0 0 0 0 0 0 0 0 
9955 8244 91 231.125 0 0 0 0 0 0 0 0 0 0 0 0 0 0 0 0 0 0 0 0 0 0 0 0 0 0 0 0 0 0 740 731 
9957 11152 417 1145.02 0 0 0 0 0 0 1126 0 0 0 0 0 0 0 0 2130 0 1174 0 3053 0 1021 0 0 0 0 0 0 0 0 0 0 
9957 11889 1154 3204.27 0 0 0 0 0 0 0 0 0 0 0 0 3454 0 0 0 0 0 1295 0 2977 0 3772 0 0 0 0 0 0 0 0 0 
9958 12950 919 2608.62 0 0 0 0 0 0 0 0 0 0 0 0 0 629 589 0 0 0 0 0 0 0 0 0 0 0 0 0 0 0 0 0 
9959 14359 1037 3003.45 0 0 0 0 1283 0 0 1407 0 0 0 0 0 0 0 0 0 1556 0 0 0 968 0 0 0 0 0 0 0 0 0 0 
9959 14387 1065 3077.61 0 0 0 0 0 0 0 0 0 0 0 0 0 0 0 0 0 0 0 0 0 0 0 0 0 0 0 0 559 530 0 0 
9959 14534 1212 3455.82 0 501 0 0 0 0 0 0 0 0 0 508 0 0 0 0 0 0 0 0 0 0 0 0 0 0 0 0 0 0 0 0 
9960 14729 153 439.048 0 1153 0 0 0 0 0 0 922 0 0 0 0 0 0 0 0 1011 0 0 0 971 0 0 0 0 0 0 0 0 0 0 
9961 17000 1159 3301.52 0 0 0 0 0 0 0 0 0 562 0 0 0 0 0 0 0 0 561 0 0 0 0 0 0 0 0 0 0 0 0 0 
9962 17324 228 676.926 0 0 0 1071 0 0 367 2557 0 0 0 0 0 2103 2178 0 0 0 0 0 0 0 0 0 0 0 0 0 0 0 0 0 
9962 17631 535 1571.11 0 0 0 0 1269 0 0 0 0 0 0 1242 0 0 0 0 0 0 0 0 0 0 0 0 3820 0 0 3918 0 0 0 0 
9962 17805 709 2058.58 0 0 0 0 0 0 0 558 0 0 0 0 0 0 0 0 0 0 0 0 0 0 0 0 0 0 0 0 0 0 717 0 
9963 19371 1027 2952.07 0 0 0 0 0 0 0 0 0 0 0 0 0 3991 2577 0 0 0 912 0 0 870 0 0 0 0 0 0 0 0 0 0 
9964 20296 682 1909.22 0 2415 0 0 0 0 0 2124 0 0 0 0 0 0 0 0 0 1187 0 0 0 1060 0 0 0 0 0 0 0 0 0 0 
9964 20672 1058 3049.77 0 0 0 0 0 0 0 0 0 0 0 1400 0 0 0 0 0 256 3901 0 0 3085 0 0 0 0 0 0 0 0 0 0 
9966 22724 569 1594.62 0 0 1890 0 0 0 0 0 0 0 1454 0 0 0 0 0 0 1232 0 0 1462 0 0 0 0 0 0 0 0 0 0 0 
9996 23827 540 1498.67 1683 0 0 0 0 0 0 1198 0 0 0 0 0 0 0 0 0 0 0 0 0 0 0 0 0 0 0 0 0 0 4023 4023 
9996 23946 659 1867.95 0 0 0 0 0 0 0 0 0 0 600 0 0 0 0 0 0 0 0 0 0 0 0 0 0 0 0 520 0 0 0 0 
9997 24664 97 295.932 0 0 0 0 0 0 0 0 0 0 0 0 377 234 277 0 0 0 0 0 526 0 1701 0 150 0 0 333 0 0 0 182 
10015 25836 607 1823.23 0 0 0 0 0 0 0 0 0 0 0 0 828 0 0 0 0 0 0 0 0 0 650 0 0 0 0 0 0 0 0 0 
10015 26300 1071 3112.64 0 0 0 0 0 0 0 0 0 0 1064 0 0 0 0 0 0 1104 0 0 673 0 0 0 0 0 0 0 3943 547 0 0 
10015 26438 1209 3489.39 0 0 0 0 0 0 0 0 0 0 0 0 529 0 0 0 0 0 0 0 0 0 0 0 0 0 0 701 0 0 0 0 
10016 27206 718 2004.78 0 0 0 0 0 0 0 0 0 0 0 0 0 0 0 0 0 0 0 0 0 0 0 0 0 0 0 0 0 556 889 0 
10018 29024 42 144.514 0 0 0 0 0 0 0 0 0 0 0 0 0 0 0 1358 0 0 0 1261 0 0 0 0 0 0 0 0 0 0 0 0 
10019 30713 846 2363.72 0 0 0 0 0 891 0 0 0 0 0 810 0 0 0 0 0 0 862 0 819 0 0 0 0 0 0 0 0 0 0 0 
10021 31784 333 937.016 0 0 0 0 0 0 0 0 0 0 0 0 0 0 0 603 0 502 0 0 0 0 0 0 0 0 0 0 0 0 0 0 
10021 32606 1155 3237.51 0 544 0 0 0 0 0 0 0 504 0 0 0 0 0 0 0 0 0 0 0 0 0 0 0 0 0 0 0 0 0 0 
10021 32712 1261 3540.21 0 0 0 0 0 0 0 0 0 0 0 0 0 0 0 0 0 1218 0 327 0 509 0 0 0 0 0 0 0 0 4080 4080 
10023 34308 483 1306.43 0 0 0 0 0 0 0 0 0 0 0 0 0 0 0 0 0 1119 0 0 549 0 0 0 0 0 1103 2189 0 0 0 0 
10024 35436 316 870.49 0 0 0 0 1337 0 0 0 3817 0 0 0 0 0 0 0 0 0 0 0 0 0 0 0 0 0 0 0 0 0 1894 1456 
10024 35895 775 2227.93 984 0 0 0 0 0 0 0 0 0 0 0 0 0 0 4075 0 0 0 4030 0 0 0 0 0 0 0 0 0 0 0 0 
10024 36129 1009 2834.51 0 0 0 0 0 0 0 0 0 0 0 0 0 0 0 0 0 0 0 0 0 0 0 0 0 0 0 0 765 523 0 0 
10025 36795 386 1118.98 0 0 0 0 0 2029 0 0 1527 0 0 0 0 0 0 0 0 1738 0 0 1470 0 0 0 0 0 0 0 0 0 0 177 
10026 37713 97 295.242 0 0 0 0 0 0 0 0 0 0 0 0 294 0 0 0 0 0 0 0 0 0 0 0 2182 3916 0 0 0 0 0 0 
10028 39367 26 75.4338 0 0 0 0 0 0 0 0 0 0 0 0 0 0 0 0 0 0 0 0 0 0 0 0 0 0 1563 3138 1854 0 0 0 
10028 39678 337 991.505 0 0 0 0 0 0 0 0 0 0 0 0 0 0 0 0 0 174 0 0 0 0 0 0 0 0 0 0 0 0 3975 3975 
10028 40303 962 2741.47 219 0 0 0 0 0 0 0 0 0 0 0 317 0 0 0 0 0 0 0 0 0 0 0 0 0 1668 1552 0 0 0 0 
10029 41788 1195 3452.43 0 0 0 0 0 0 0 0 0 0 0 0 0 284 658 0 0 0 0 0 0 0 0 0 0 0 0 0 0 0 516 0 
10031 43494 430 1230.54 0 0 0 0 0 0 0 0 0 0 0 0 0 0 502 0 0 0 0 0 0 0 0 0 0 0 0 0 0 0 0 859 
10031 44079 1015 2773 518 0 0 0 0 0 0 0 0 0 0 0 0 0 0 0 0 0 0 0 0 0 0 0 0 0 0 608 0 0 0 0 
10031 44247 1183 3260.03 0 0 552 0 0 0 0 0 0 561 0 0 0 0 0 0 0 0 0 0 0 0 0 0 0 0 0 0 0 0 0 0 
10032 44452 74 190.212 0 0 0 0 0 0 0 0 0 0 514 0 0 0 0 0 0 0 0 0 0 0 0 0 0 0 0 0 0 0 0 638 
10032 45196 818 2288.86 0 0 0 0 0 0 0 0 0 0 0 0 0 0 0 0 0 4000 0 0 4000 0 0 0 0 0 540 127 1716 365 4000 4000 
10032 45450 1072 2919.23 0 0 0 0 0 0 363 0 0 0 0 240 651 4043 4043 0 3998 189 3074 0 0 3998 844 3237 0 0 0 0 0 0 117 0 
10033 45895 196 619.921 0 0 0 0 0 0 0 0 0 0 0 0 617 0 0 0 0 0 0 0 0 0 0 0 573 0 0 0 0 0 0 0 
10034 47816 901 2494.29 0 0 0 0 0 0 0 0 0 0 0 0 2351 0 0 0 0 0 953 0 1120 0 2528 0 0 0 0 0 0 0 0 0 
10034 47973 1058 2989.09 0 0 0 0 0 0 1051 0 0 0 0 0 0 0 0 0 1503 0 1162 0 1044 0 0 1323 0 0 0 0 0 0 0 0 
10036 49751 636 1872.72 0 0 0 0 0 0 0 0 570 584 0 0 0 0 0 0 0 0 0 0 0 0 0 0 0 0 0 0 0 0 0 0 
10038 52352 776 2214.67 0 0 0 2318 0 0 0 0 0 0 0 873 0 0 0 0 0 0 0 0 0 0 0 0 276 0 0 190 0 0 0 0 
10074 52768 5 11.7605 0 0 1319 0 0 0 0 0 0 0 1345 0 2028 0 0 0 0 0 0 0 0 0 1691 0 0 0 0 0 0 0 0 0 
10074 53401 638 1769.1 0 300 0 0 0 0 0 0 0 0 0 355 0 0 0 0 0 935 0 0 685 0 0 0 0 0 3288 4029 0 0 0 0 
10075 54145 98 308.906 0 0 2508 0 0 0 0 0 0 437 2055 0 0 0 0 0 878 0 0 0 0 0 0 667 0 0 0 0 0 0 0 0 
10075 54155 108 343.12 0 0 536 0 0 540 0 0 0 0 0 0 0 0 0 0 0 0 0 0 0 0 0 0 0 0 0 0 0 0 0 0 
10075 54668 621 1807.91 0 0 0 539 0 0 0 0 0 0 0 0 0 0 0 0 0 0 0 0 0 0 0 0 0 0 0 609 0 0 0 0 
10076 55838 562 1674.47 0 0 0 0 0 0 0 0 0 0 0 0 0 3895 3895 0 0 0 659 0 0 2171 0 0 0 0 0 0 0 0 0 0 
10078 58022 267 776.416 0 0 0 0 0 0 0 0 0 0 0 0 0 0 0 626 0 0 0 536 0 0 0 0 0 0 0 0 0 0 0 0 
10078 58191 436 1218.02 0 261 3264 0 0 0 0 0 0 0 3453 0 0 0 0 0 0 0 1114 0 1216 0 0 0 0 0 0 0 0 0 0 0 
10080 59506 236 726.911 0 0 0 0 0 0 0 0 0 0 0 0 0 3197 3949 0 0 0 864 0 0 536 0 0 0 0 0 0 0 0 0 0 
10080 60376 1106 3232.43 0 1018 0 0 0 0 0 0 0 0 0 1323 0 0 0 0 0 0 2733 0 1039 0 0 0 0 0 0 0 0 0 0 0 
10081 60569 65 221.102 0 0 3902 225 0 0 0 0 0 799 399 0 0 0 0 0 2518 1745 0 0 0 621 0 0 0 0 0 0 0 0 0 0 
10081 61442 938 2725.88 0 0 1084 0 0 0 0 0 0 0 0 1150 0 0 0 0 0 0 629 0 1512 0 0 0 0 0 0 0 0 0 0 0 
10082 62484 731 2105.63 0 0 0 0 1597 0 0 0 0 1339 0 0 0 0 0 0 0 0 1367 0 723 0 0 0 0 0 0 0 0 0 0 0 
10083 63366 334 893.802 0 0 0 0 0 0 0 0 0 0 0 0 340 790 657 0 0 0 0 0 0 0 0 0 0 0 0 0 0 0 0 0 
10083 63484 452 1228.91 0 0 0 0 0 980 0 1034 0 0 0 0 0 301 0 0 0 0 491 0 0 645 0 3975 0 0 0 0 0 0 0 0 
10083 63589 557 1559.37 0 0 1189 0 0 0 0 0 0 0 0 944 0 0 0 0 0 0 0 0 0 0 0 0 0 0 2375 3623 0 0 0 0 
10083 63968 936 2620.49 0 0 0 0 0 0 896 0 0 0 0 0 0 0 0 0 3995 0 1552 0 0 707 0 3995 0 0 0 0 0 0 0 0 
10085 65795 212 627.642 0 1894 0 0 0 0 0 0 0 0 1373 0 0 0 0 0 0 0 1001 0 666 0 0 0 0 0 0 0 0 0 0 0 
10085 66619 1036 2944.65 0 0 0 0 0 0 0 0 0 0 0 0 610 0 0 0 0 0 0 0 0 0 0 0 0 0 0 949 0 0 0 0 
10086 67264 417 1246.7 0 0 0 0 538 574 0 0 0 0 0 0 0 0 0 0 0 0 0 0 0 0 0 0 0 0 0 0 0 0 0 0 
10088 70133 806 2303.97 0 0 0 0 566 0 0 0 0 0 0 0 0 0 0 0 0 0 0 0 0 0 0 0 0 0 0 0 0 622 0 0 
10089 70835 250 725.469 0 0 0 0 0 0 0 0 0 0 0 0 0 0 0 0 0 0 0 0 0 0 0 0 0 0 0 0 3931 0 0 3931 
10092 73353 9 11.2713 0 0 0 0 0 0 0 0 0 0 0 0 0 0 0 0 0 1224 0 0 816 0 0 0 0 0 0 0 2834 660 0 0 
10115 74558 170 522.812 0 0 0 0 0 0 0 0 0 0 0 0 533 0 0 0 0 0 0 0 0 0 689 0 0 0 0 0 0 0 0 0 
10116 75938 1023 2942.31 0 0 0 0 0 0 0 0 0 0 0 694 0 0 503 0 0 0 0 0 0 0 0 0 0 0 0 0 0 0 0 0 
10116 76112 1197 3441.79 0 0 0 0 0 0 0 0 0 0 0 0 0 0 526 0 0 0 0 0 0 0 528 0 0 0 0 0 0 0 0 0 
10117 76718 554 1593.5 0 0 0 548 0 0 0 0 0 0 0 0 0 0 0 0 0 0 0 0 0 0 0 0 0 0 0 551 0 0 0 0 
10117 77132 968 2787.68 0 0 0 1134 0 0 0 0 0 0 1479 0 0 0 0 0 0 1957 0 0 1890 0 0 0 0 0 0 0 0 0 0 0 
10118 77863 430 1257.57 0 901 0 0 0 0 0 1089 0 0 0 0 0 0 0 0 0 0 875 0 0 615 0 1047 0 0 0 0 0 0 0 0 
10118 77926 493 1438.95 0 0 549 0 0 0 0 0 0 538 0 0 0 0 0 0 0 0 0 0 0 0 0 0 0 0 0 0 0 0 0 0 
10118 78198 765 2189.6 0 0 3462 0 0 0 0 0 0 0 1634 0 0 0 0 0 0 0 0 0 0 0 0 0 0 0 0 0 1084 1285 0 0 
10118 78603 1170 3416.44 0 0 0 0 0 0 0 0 0 0 0 0 0 0 0 0 0 808 0 0 527 0 0 0 0 0 3818 3880 0 0 0 0 
10119 79683 1016 2804.98 0 0 0 0 0 0 0 0 0 0 0 0 0 0 0 0 0 4060 0 0 4060 0 0 0 0 0 0 156 4060 3791 0 112 
10120 80741 766 2195.48 0 0 0 1399 0 0 0 0 0 840 0 0 0 0 0 0 0 1275 0 0 643 0 0 0 0 0 0 0 0 0 0 0 
10120 80824 849 2438.3 511 0 0 0 0 0 0 0 0 0 0 0 0 0 0 0 0 0 0 552 0 0 0 0 0 0 0 0 0 0 0 0 
10120 81173 1198 3438.04 0 0 0 0 0 0 0 0 0 0 0 0 0 0 0 530 0 0 0 571 0 0 0 0 0 0 0 0 0 0 0 0 
10120 81231 1256 3600.55 1600 0 0 0 0 0 0 0 0 0 0 1335 0 0 0 0 0 0 1281 0 0 940 0 0 0 0 0 0 0 0 0 0 
10122 83452 973 2658.04 0 0 0 0 0 0 0 0 0 0 0 0 0 0 0 0 0 1175 0 0 795 0 0 0 0 0 3115 2317 0 0 0 0 
10123 83941 170 512.842 3059 0 0 0 0 0 0 0 2027 0 0 0 0 0 0 0 0 0 0 0 0 0 0 0 0 0 0 0 0 0 3861 3949 
10124 85462 465 1246.66 0 0 0 0 0 0 1305 0 0 0 0 0 0 0 0 3845 0 1148 0 4076 0 762 0 0 0 0 0 0 0 0 0 0 
10125 87111 820 2418.65 3917 274 0 0 0 0 0 288 3959 343 0 0 0 0 0 3937 0 0 0 2956 0 0 0 0 0 0 0 0 0 0 234 0 
10129 88644 1118 3267.72 0 0 0 0 0 0 608 0 0 0 0 0 0 0 0 0 0 0 0 121 0 0 0 0 0 0 0 0 0 0 0 959 
10130 89266 510 1379.99 0 0 0 0 0 1127 0 0 0 0 941 0 0 0 0 0 0 0 1232 0 0 788 0 0 0 0 0 0 0 0 0 0 
10130 89685 929 2604.06 0 0 0 0 0 0 970 0 0 0 0 0 0 0 0 0 0 0 986 2467 1280 0 0 0 0 0 0 0 0 0 0 0 
10133 93797 1179 3367.93 0 0 0 0 0 0 0 0 0 0 0 704 0 0 0 0 0 0 0 0 0 0 0 0 0 0 0 0 0 0 634 0 
10134 94039 157 442.315 0 0 0 0 0 0 1068 0 0 0 0 0 0 0 0 0 0 0 1041 0 0 701 0 1429 0 0 0 0 0 0 0 0 
10134 94487 605 1703.57 0 0 0 0 0 0 373 0 0 0 0 0 0 0 0 793 0 0 0 743 0 0 0 0 0 0 0 0 0 0 0 0 
10134 94598 716 2030.37 0 0 1102 0 0 0 0 0 0 959 0 0 0 0 0 0 0 0 0 0 0 0 0 0 0 0 0 0 2254 0 0 0 
10134 94674 792 2230.27 0 0 0 0 0 0 0 0 0 0 0 1056 0 0 0 0 0 0 0 0 0 0 0 0 499 3013 0 0 0 0 0 0 
10134 94977 1095 3129.01 0 0 0 0 0 0 0 0 0 0 0 0 0 528 641 0 0 0 0 0 0 0 0 0 0 0 0 0 0 0 0 0 
10135 96205 1075 2962.32 0 0 1217 0 0 0 0 0 0 0 0 1894 0 0 0 0 0 0 0 0 0 0 0 0 0 0 0 0 1147 1574 0 0 
10136 97747 1307 3523.72 0 0 0 0 0 0 0 0 0 0 0 0 0 0 0 519 0 0 0 619 0 0 0 0 0 0 0 0 0 0 0 0 
10137 97947 173 447.064 0 1652 0 0 0 0 0 1031 0 0 0 0 0 0 0 3096 0 0 0 3958 0 0 0 0 0 0 0 0 0 0 0 0 
10137 98524 750 2125.79 0 0 0 0 0 0 0 0 0 0 0 0 0 0 0 0 0 0 830 0 800 0 0 0 0 0 3978 3978 0 0 0 0 
10137 98839 1065 3015.75 0 0 0 0 0 0 0 0 0 0 0 0 0 1917 2698 0 0 0 2538 0 0 2402 0 0 0 0 0 0 0 0 0 0 
10138 99782 737 2093.92 0 0 0 0 0 0 902 0 0 0 0 0 0 0 0 0 0 2647 0 2597 0 591 0 0 0 0 0 0 0 0 0 0 
10138 99903 858 2430.83 0 0 0 0 0 0 0 0 0 0 0 0 0 3878 3878 0 0 0 3858 0 0 3858 115 0 0 0 0 0 0 0 0 0 
10139 100318 32 112.453 0 0 0 0 0 0 0 0 0 0 0 0 0 678 0 0 0 0 0 0 0 0 517 0 0 0 0 0 0 0 0 0 
10140 101798 246 705.136 0 0 0 0 0 1800 0 0 0 0 0 1744 0 0 0 0 0 0 0 0 0 0 0 0 2852 3305 0 0 0 0 0 0 
10141 102983 109 320.967 247 3966 0 0 0 0 493 4072 0 0 0 0 0 0 0 4072 0 0 0 4052 0 0 0 0 0 0 0 0 0 0 0 0 
10141 103886 1012 2985.52 0 0 0 0 0 0 0 0 0 0 0 0 0 950 535 0 0 0 0 0 0 0 0 0 0 0 0 0 0 0 0 0 
10141 104008 1134 3313.17 0 0 0 0 0 0 0 0 0 538 0 0 0 260 537 0 0 0 0 0 0 0 0 0 0 0 0 0 0 0 0 0 
10142 104328 217 578.956 0 0 0 0 0 0 0 0 695 519 0 0 0 0 0 0 0 0 0 0 0 0 0 0 0 0 0 0 0 0 0 0 
10142 104459 348 967.415 0 0 0 0 0 0 0 0 0 0 0 0 642 0 0 0 0 0 0 0 0 0 0 0 0 0 0 819 0 0 0 0 
10142 104821 710 1967.93 0 0 0 0 0 0 0 0 0 0 0 0 0 3998 582 0 0 0 1042 0 0 538 164 0 0 0 0 0 0 0 0 0 
10142 104887 776 2180.08 1573 0 0 0 0 0 0 0 0 1705 0 0 0 0 0 0 0 1479 0 0 1368 0 0 0 0 0 0 0 0 0 0 0 
10142 104913 802 2254.33 0 0 0 0 0 0 0 0 0 609 0 0 0 0 0 0 0 560 0 0 0 0 0 0 0 0 0 0 0 0 0 0 
10143 105887 514 1404.47 0 1709 0 0 0 0 0 0 1077 0 0 0 0 0 0 2976 0 0 0 2547 0 0 0 0 0 0 0 0 0 0 0 0 
10144 106842 201 588.632 0 0 0 0 0 0 0 0 0 606 0 0 0 0 547 0 0 0 0 0 0 0 0 0 0 0 0 0 0 0 0 0 
10144 106857 216 624.507 0 0 0 0 0 1183 0 1335 0 0 0 0 0 0 0 0 2672 0 0 0 0 0 0 3956 0 0 0 0 0 0 0 0 
10145 108061 189 554.51 0 0 0 0 0 0 1102 0 0 0 0 0 0 0 0 4032 0 880 0 505 0 675 0 0 0 0 0 0 0 0 0 0 
10145 108548 676 1880.74 0 0 0 0 0 1195 1409 0 0 0 0 0 0 0 0 0 0 0 0 0 0 0 0 0 0 0 0 0 0 0 0 0 
10145 108806 934 2575.89 0 1219 0 0 0 0 0 0 0 904 0 0 0 0 0 0 0 2200 0 0 3947 0 0 0 0 0 0 0 0 0 0 0 
10146 110304 1110 3109.93 0 0 1005 0 0 0 0 0 929 0 0 0 0 0 0 0 0 809 0 0 667 0 0 0 0 0 0 0 0 0 0 0 
10147 111446 977 2768.01 1070 0 0 0 0 0 0 0 0 0 0 1269 0 0 0 0 0 0 0 0 0 0 0 0 0 0 3903 3903 91 0 0 0 
10147 111533 1064 3015.86 0 0 0 0 0 0 0 0 0 0 0 0 0 583 0 0 0 519 0 0 0 0 0 0 0 0 0 0 0 0 0 0 
10148 112033 309 906.193 0 0 0 0 0 0 0 0 0 0 0 0 0 0 0 532 0 0 0 0 0 0 0 0 0 0 0 0 0 0 511 0 
10148 112053 329 957.176 0 0 0 0 0 804 0 0 912 0 0 0 0 890 302 0 0 0 511 0 0 667 0 1736 0 0 0 0 0 0 0 0 
10148 112686 962 2672.8 1504 0 0 0 0 0 0 1569 0 0 0 0 0 0 0 2408 0 0 0 3754 0 0 0 0 0 0 0 0 0 0 0 0 
10150 113240 448 1219.16 0 0 0 0 0 0 0 0 0 560 0 0 0 0 545 0 0 0 0 0 0 0 0 0 0 0 0 0 0 0 0 0 
10150 113667 875 2469.27 0 0 0 0 0 0 0 0 0 0 0 0 0 0 0 553 0 0 0 776 0 0 0 0 0 0 0 0 0 0 0 0 
10151 114895 834 2295.92 0 0 0 1075 0 0 0 0 0 0 1236 0 0 0 0 0 0 0 703 0 0 716 0 0 0 0 0 0 0 0 0 0 
10151 115289 1228 3409.42 0 284 1100 0 0 0 0 0 382 1367 0 0 0 0 0 0 0 1575 0 0 1087 0 0 0 0 0 0 0 0 0 0 0 
10151 115307 1246 3447.77 0 0 0 0 0 0 0 0 0 0 0 0 0 0 0 555 0 0 0 0 0 0 0 0 0 588 0 0 0 0 0 0 
10152 115443 78 203.121 2144 0 0 0 0 0 0 0 0 1638 0 0 0 0 0 0 0 0 0 0 0 0 0 0 0 0 1295 1726 0 0 0 0 
10152 115493 128 353.557 0 0 0 0 0 623 0 0 0 361 0 0 0 0 0 0 0 0 0 0 0 0 0 0 0 0 0 0 0 0 116 695 
10152 116022 657 1872.59 2547 0 0 0 0 0 0 0 0 3897 0 0 0 0 0 0 0 0 0 0 0 0 0 0 0 0 0 0 3877 3877 0 0 
10153 117385 736 2080.96 0 0 0 0 0 0 0 0 0 0 0 0 0 0 0 821 0 0 0 554 0 0 0 0 0 0 0 0 0 0 0 0 
10153 117514 865 2463.92 0 0 0 0 0 0 0 0 0 0 0 0 0 527 755 0 0 0 0 0 0 0 0 0 0 0 0 0 0 0 0 0 
10153 117531 882 2517.57 1961 0 0 0 0 0 0 0 0 1084 0 0 0 0 0 0 0 0 0 0 0 0 0 0 0 0 0 0 2481 2421 0 0 
10154 119119 1200 3331.11 0 0 0 0 0 0 0 0 0 0 0 0 572 0 0 0 0 0 0 0 0 0 0 0 0 0 0 0 0 750 0 0 
10155 119268 60 196.406 0 0 0 0 0 3924 0 0 0 0 1568 0 0 0 0 0 0 0 0 0 0 0 0 0 2354 2450 0 0 0 0 0 0 
10155 119375 167 507.461 0 0 0 0 0 0 0 0 505 0 0 0 0 0 0 0 0 0 0 553 0 0 0 0 0 0 0 0 0 0 0 0 
10157 122459 717 2047.61 0 0 2327 627 0 0 0 0 0 1639 0 0 2419 0 0 0 0 0 0 0 0 0 2195 0 0 0 0 0 0 0 0 0 
10160 126675 1117 3136.11 0 0 0 0 2011 0 455 732 3341 0 0 0 0 0 0 289 4056 0 925 0 0 0 0 4056 0 0 0 0 0 0 0 0 
10160 126786 1228 3435.71 0 1123 0 0 0 0 0 1010 0 0 0 0 0 0 0 2031 0 0 0 2369 0 0 0 0 0 0 0 0 0 0 0 0 
10162 128208 91 252.237 0 0 0 0 0 0 0 0 0 0 0 0 522 0 0 0 0 0 0 0 0 0 514 0 0 0 0 0 0 0 0 0 
10163 129855 538 1593.43 0 0 0 0 0 0 0 0 0 0 0 0 520 0 0 615 0 0 0 133 0 0 0 0 0 0 0 0 0 0 0 0 
10164 130659 72 190.643 0 0 0 0 0 0 0 0 0 0 0 0 0 548 0 0 0 0 0 0 0 0 0 0 0 0 0 645 0 0 0 0 
10164 131113 526 1378.86 0 0 0 0 0 0 0 583 0 0 0 0 0 0 0 0 0 0 0 0 0 0 0 0 0 0 0 0 0 0 0 552 
10164 131346 759 2055.12 0 0 0 0 0 0 0 0 0 0 0 0 0 0 0 0 0 1076 0 0 889 0 0 0 0 0 0 0 0 0 0 0 
10165 132228 307 859.563 0 0 0 1217 0 0 0 0 1105 0 0 0 0 0 0 0 0 917 0 0 0 1392 0 0 0 0 0 0 0 0 0 0 
10166 133771 533 1529.78 0 4036 3239 0 0 0 4036 291 0 0 0 0 0 0 0 4036 0 0 0 246 0 0 0 0 0 0 0 0 0 0 0 0 
10168 136426 680 1979.13 3121 0 0 0 0 0 0 0 0 1344 0 0 0 0 0 0 0 152 1028 0 0 1101 0 0 0 0 0 0 0 0 0 0 
10169 137957 954 2675 0 0 0 0 0 0 0 0 0 0 0 0 341 0 0 0 0 0 0 0 0 0 189 0 3860 3860 0 0 0 0 0 0 
10170 138613 315 941.849 0 0 0 0 0 0 0 0 0 638 0 0 0 0 0 0 0 632 0 0 0 0 0 0 0 0 0 0 0 0 0 0 
10170 139405 1107 3324.4 0 0 0 503 0 0 0 0 0 525 0 0 0 0 0 0 0 0 0 0 0 0 0 0 0 0 0 0 0 0 0 0 
10173 141062 271 793.939 0 0 0 0 0 0 0 0 0 0 0 0 1599 0 0 0 0 0 1047 0 0 93 2558 0 0 0 0 0 0 0 0 0 
10174 142744 684 1983.8 0 0 0 2836 0 0 706 0 0 0 0 0 0 0 0 0 0 0 0 0 0 0 0 0 0 0 0 0 0 0 0 0 
10174 143083 1023 2936.62 0 0 1619 0 0 0 0 0 1367 0 0 0 0 0 0 0 1090 0 0 2728 0 0 0 0 0 0 0 0 0 0 0 0 
10175 143369 64 203.158 0 0 0 0 0 0 0 0 0 0 0 0 0 0 0 0 0 0 0 0 0 0 0 0 0 0 0 0 543 587 0 0 
10175 143947 642 1813.33 0 0 0 0 0 0 0 0 0 0 0 0 0 0 745 0 0 635 0 0 0 0 0 0 0 0 0 0 0 0 0 0 
10176 144577 21 50.7723 0 0 0 0 0 432 602 1756 0 0 0 0 0 0 328 0 4041 0 0 0 0 0 0 4041 0 0 0 0 0 0 0 0 
10176 145524 968 2877.25 0 0 0 0 0 767 0 0 0 0 0 834 0 0 0 0 0 0 1886 0 1068 0 0 0 0 0 0 0 0 0 0 0 
10177 146452 668 1867.73 0 0 1557 0 0 0 0 1073 0 0 0 0 0 0 0 0 3930 0 0 0 0 0 0 3930 0 0 0 0 0 0 0 0 
10177 146583 799 2280.36 0 0 0 0 0 0 0 0 0 0 0 0 0 0 0 589 0 0 0 565 0 0 0 0 0 0 0 0 0 0 0 0 
10177 146876 1092 3054.17 1518 0 0 0 0 0 0 1049 0 0 0 0 0 0 0 0 0 0 1180 0 0 857 0 0 0 0 0 0 0 0 0 0 
10177 147026 1242 3459.15 0 0 0 0 0 0 0 0 0 0 0 0 0 556 588 0 0 0 0 0 0 0 0 0 0 0 0 0 0 0 0 0 
10178 147416 344 991.25 0 0 0 0 0 0 0 0 0 0 0 651 0 0 0 0 0 0 0 0 0 0 0 0 0 0 0 0 0 0 0 687 
10178 147991 919 2612.42 0 0 0 0 0 0 0 0 0 0 0 0 0 0 0 0 0 0 0 0 0 0 0 0 0 0 0 0 0 0 614 708 
10178 148156 1084 3092.46 0 0 0 0 0 0 0 0 0 0 0 0 0 0 553 0 0 0 0 0 0 0 0 0 0 0 0 0 0 531 0 0 
10179 148582 250 715.911 0 0 0 0 0 0 0 0 0 0 0 0 0 0 0 528 0 0 0 0 0 0 0 0 0 0 0 0 0 0 0 563 
10179 148630 298 824.058 0 0 0 0 0 0 0 0 0 0 0 0 0 0 0 510 0 0 0 0 0 0 0 0 0 0 0 0 0 0 0 600 
10180 150710 1082 2956.93 0 0 0 0 0 896 0 0 0 0 1948 0 0 0 0 0 0 0 0 0 0 0 0 0 664 0 0 0 0 0 0 0 
10180 150720 1092 2976.03 0 0 619 0 0 0 0 0 0 0 0 522 0 0 0 0 0 0 0 0 0 0 0 0 0 0 0 0 0 0 0 0 
10182 152845 664 1942.52 0 0 0 1309 0 0 0 1495 0 0 0 0 0 0 0 0 0 1503 0 0 0 640 0 0 0 0 0 0 0 0 0 0 
10182 153388 1207 3592.98 0 0 0 0 0 0 0 0 0 0 0 0 0 702 0 0 0 0 0 0 0 0 0 0 0 0 0 0 0 0 561 0 
10183 153832 441 1177.41 1358 0 0 0 0 0 0 0 1612 0 0 0 0 0 0 0 0 0 0 0 0 0 0 0 1067 1904 0 0 0 0 0 0 
10184 155047 304 860.4 0 1164 0 0 0 0 0 0 1973 0 0 0 0 0 0 0 0 0 671 0 0 646 0 0 0 0 0 0 0 0 0 0 
10184 155446 703 2054.71 0 0 0 0 955 0 0 0 0 1095 0 0 0 0 0 0 0 0 0 0 0 0 0 0 1418 334 0 3563 0 0 0 0 
10186 158008 684 1994.32 0 0 0 0 0 0 575 0 0 0 0 0 0 0 0 0 0 0 0 0 0 0 0 0 0 0 0 702 0 0 0 0 
10187 158949 369 1112.42 0 0 0 0 0 0 0 0 0 0 0 0 0 710 768 0 0 0 0 0 0 0 0 0 0 0 0 0 0 0 0 0 
10187 159040 460 1373.72 547 0 0 0 0 0 0 0 0 0 0 0 0 0 0 0 0 0 0 0 0 0 0 0 0 0 0 0 0 0 0 713 
10188 160488 668 1778.08 0 0 0 0 0 0 0 0 0 0 0 0 0 615 520 0 0 0 0 0 0 0 0 0 0 0 0 0 0 0 0 0 
10188 160997 1177 3258.89 0 0 0 0 0 0 0 0 0 0 0 0 0 0 0 0 2277 0 2138 0 0 1080 0 3517 0 0 0 0 0 0 0 0 
10191 164689 948 2697.11 0 0 0 0 0 0 0 0 0 0 0 0 2548 0 0 0 0 0 1313 0 1237 0 1778 0 0 0 0 0 0 0 0 0 
10191 164978 1237 3494.21 0 2433 324 0 0 0 0 0 3954 0 0 0 0 0 0 0 0 0 0 1101 0 0 0 0 0 0 0 0 0 0 4045 4045 
10192 165997 983 2802.12 0 1472 0 0 0 0 0 0 1446 0 0 0 0 0 0 0 0 0 0 194 0 0 0 0 0 0 1480 0 0 0 0 0 
10193 166384 101 292.5 0 0 0 0 0 0 0 0 0 0 0 0 648 0 0 0 0 0 0 0 0 0 0 0 0 0 0 529 0 0 0 0 
10193 166784 501 1563.32 0 0 0 0 0 588 0 993 0 0 0 0 0 1908 2438 0 0 0 0 0 0 0 0 0 0 0 0 0 0 0 0 0 
10193 166992 709 2117.7 0 0 0 0 1070 0 0 0 0 1449 0 0 0 0 0 0 0 0 1267 0 0 475 0 0 0 0 0 0 0 0 0 0 
10194 167638 119 335.158 1427 391 0 0 0 0 0 0 0 0 1645 0 0 0 0 0 0 0 0 0 0 0 0 0 0 0 3904 3904 0 0 0 0 
10194 168165 646 1771.38 0 0 0 0 0 1719 0 0 1128 0 0 0 0 0 0 0 0 0 672 0 0 971 0 0 0 0 0 0 0 0 0 0 
10195 169402 597 1725.52 0 0 0 0 1250 0 0 0 0 0 2428 0 0 0 0 0 0 0 1009 0 0 782 0 0 0 0 0 0 0 0 0 0 
10195 169448 643 1853.78 0 0 0 0 690 0 0 0 0 0 0 0 0 0 541 0 0 0 0 0 0 0 0 0 0 0 0 0 0 0 0 0 
10197 171520 158 451.076 1225 0 0 0 0 0 0 0 0 898 0 0 0 0 0 0 0 0 0 0 0 0 0 0 0 0 0 0 0 0 4053 4053 
10197 172582 1220 3535.43 0 0 0 0 0 0 0 0 0 0 0 0 4019 0 0 0 0 0 0 0 0 0 3999 0 3999 3999 0 0 0 0 0 0 
10198 172673 71 169.814 228 2089 0 0 0 0 0 0 0 0 0 1309 0 0 0 0 0 0 978 0 1093 0 0 0 0 0 0 0 0 0 0 0 
10198 172997 395 1050.39 0 0 0 0 0 0 0 0 624 503 0 0 0 0 0 0 0 0 0 0 0 0 0 0 0 0 0 0 0 0 0 0 
10199 174089 200 548.325 0 0 0 1418 0 0 0 0 0 0 1743 0 0 0 0 0 0 0 0 0 0 0 0 0 4002 3507 655 4002 0 0 0 0 
10199 174180 291 790.347 0 537 0 0 0 0 0 0 0 0 0 0 0 0 0 0 0 0 0 0 0 0 0 0 0 0 0 0 0 0 700 0 
10199 174601 712 1982.45 0 0 0 2070 641 0 0 0 2116 0 0 0 0 2839 4014 0 0 0 0 0 0 0 0 0 0 0 0 0 0 0 0 0 
10199 174931 1042 2930.66 0 0 0 0 0 0 0 0 0 0 0 0 923 0 0 0 0 0 890 0 928 0 1757 0 0 0 0 0 0 0 0 0 
10200 175192 23 78.4904 0 0 0 0 0 0 0 0 0 0 0 0 0 0 0 0 0 579 0 0 0 0 0 0 0 0 0 0 0 0 707 0 
10200 175513 344 1013.83 0 0 0 0 0 0 0 0 0 0 0 0 0 704 0 0 0 633 0 0 0 0 0 0 0 0 0 0 0 0 0 0 
10201 177304 886 2429.15 0 0 0 0 0 0 0 0 0 0 0 0 574 0 278 0 0 0 0 0 0 0 1263 0 0 0 0 0 0 0 0 0 
10202 178356 641 1836.73 0 0 0 0 1972 0 0 0 1689 591 0 0 0 0 0 2639 0 0 0 2512 0 0 0 0 0 0 0 0 0 0 0 0 
10203 179578 618 1696.44 0 0 0 0 0 0 0 0 0 0 0 0 0 0 0 0 0 1110 0 0 824 0 0 0 0 0 1171 2392 1017 1124 0 0 
10203 180126 1166 3252.61 0 0 0 0 0 0 0 0 0 0 0 0 0 0 0 0 0 577 0 0 0 0 0 0 0 0 0 0 0 0 748 0 
10204 180946 705 1984.34 0 0 0 0 0 0 0 0 0 0 0 0 0 0 0 0 0 0 0 0 0 0 0 0 1013 1703 0 0 0 0 0 0 
10204 181148 907 2574.74 0 0 0 0 0 0 2245 0 0 0 0 0 0 0 0 4017 0 0 0 3983 0 0 0 0 0 0 0 0 0 0 249 0 
10205 181562 53 163.266 0 950 524 0 0 0 0 0 0 795 0 0 0 0 0 0 0 0 0 0 0 0 0 0 0 0 0 0 4086 2735 0 614 
10205 181654 145 420.785 0 1297 0 0 0 0 0 0 324 1576 0 0 0 0 0 3013 0 0 0 2690 0 0 0 0 0 0 0 0 0 0 0 0 
10205 182468 959 2689.32 0 0 0 638 0 0 0 0 0 0 1144 0 0 0 0 0 0 2178 0 0 1494 0 0 0 0 0 0 0 0 0 0 0 
10205 182741 1232 3450.05 0 0 0 0 0 0 0 0 0 0 0 0 0 0 0 0 0 925 0 0 889 0 0 0 0 0 1765 2861 0 0 0 0 
10207 184197 142 349.183 0 0 1748 0 0 0 0 0 863 0 0 0 0 0 0 0 0 1041 0 0 0 664 0 0 0 0 0 0 0 0 0 0 
10207 185168 1113 3145.48 0 0 0 0 0 0 0 0 0 0 0 0 675 0 0 0 0 0 0 0 0 0 0 0 0 0 0 765 0 0 0 0 
10207 185206 1151 3258.75 0 0 0 0 0 0 0 0 0 0 0 0 1928 0 0 0 0 0 0 0 0 0 1435 0 2033 684 3969 636 0 0 0 0 
10209 187577 988 2847.15 0 0 0 0 0 0 0 0 0 0 0 0 0 3727 3886 0 0 0 3866 0 0 1696 0 0 0 0 0 0 0 0 0 0 
10210 188925 1070 2973.35 0 0 0 0 0 792 0 1173 0 0 0 0 0 0 0 0 1850 0 0 0 0 0 0 4028 0 0 0 0 0 0 0 0 
10213 191819 158 519.674 2545 0 0 0 0 0 0 0 911 0 0 0 0 0 0 0 0 1131 0 0 663 0 0 0 0 0 0 0 0 0 0 0 
10213 192251 590 1712.63 0 0 0 0 0 0 0 0 0 0 1721 0 0 0 0 0 0 0 829 0 0 739 0 0 0 0 0 0 0 0 0 0 
10213 192290 629 1821.12 0 0 0 0 0 0 1287 0 0 0 0 0 0 0 0 1458 0 0 0 3938 0 0 0 0 0 0 0 0 0 0 3691 3059 
10214 193868 927 2694.89 0 0 1658 0 0 0 0 0 1686 0 0 0 0 0 0 0 0 0 0 163 0 0 0 0 0 0 0 0 0 0 2685 3059 
10215 194656 481 1383.47 0 784 0 0 0 0 0 0 0 0 2003 0 0 0 0 0 0 1475 0 0 973 0 0 0 0 0 0 0 0 0 0 0 
10216 196178 736 2145.55 0 0 0 0 0 0 1225 0 0 0 0 0 0 240 0 0 787 0 0 0 0 0 0 0 0 0 0 0 0 0 0 0 
10216 196630 1188 3423.42 0 0 0 0 1869 0 0 0 0 0 1533 0 0 0 0 0 0 0 0 0 0 0 0 0 0 0 0 0 0 0 2868 2779 
10217 196767 69 226.813 0 4014 0 0 0 0 0 1754 0 0 0 0 0 2142 2681 0 0 0 0 0 0 0 0 0 0 0 0 0 0 0 0 0 
10217 196812 114 347.212 0 0 0 0 0 0 1241 0 0 0 0 0 0 3969 3621 0 0 0 0 0 0 0 0 0 0 0 0 0 0 0 0 0 
10218 199098 1155 3319.3 0 0 0 0 0 0 1473 0 0 0 0 0 0 0 0 0 3931 0 894 0 0 642 0 3931 0 0 0 0 0 0 0 0 
10219 200233 1047 3196.29 0 0 0 0 0 0 0 0 0 2923 0 0 0 0 0 0 0 4055 0 0 4055 0 0 0 0 0 0 0 4055 4055 141 1630 
10219 200236 1050 3199.57 0 0 0 0 0 0 0 0 0 508 0 0 0 0 0 0 0 0 0 0 0 0 0 0 0 0 0 0 1056 0 0 0 
10220 200506 132 362.61 1257 0 0 0 0 0 0 308 0 0 0 0 0 0 0 4053 0 0 0 4033 0 0 0 0 0 0 0 0 0 0 0 0 
10221 202067 422 1185.46 0 0 0 1300 0 0 0 0 0 2006 0 0 0 0 0 0 0 1838 0 0 0 991 0 0 0 0 0 0 0 0 0 0 
10223 204641 525 1495.9 0 0 0 0 978 0 0 0 1043 0 0 0 0 0 0 0 0 0 0 0 0 0 0 0 1607 1255 0 0 0 0 0 0 
10226 207677 134 360.995 0 0 0 0 0 0 1116 203 0 0 0 0 0 0 0 3936 0 1193 0 3916 0 1242 0 0 0 0 0 0 0 0 0 0 
10226 208132 589 1735.78 0 0 0 0 0 0 0 0 0 0 0 0 585 0 0 0 0 0 0 0 0 0 523 0 0 0 0 0 0 0 0 0 
10226 208769 1226 3536.53 0 0 0 1274 0 0 0 0 0 0 0 1141 0 0 0 0 0 0 821 0 1445 0 0 0 0 0 0 0 0 0 0 0
10227 209575 782 2184.16 0 0 0 0 0 0 0 0 0 0 0 0 0 0 0 0 0 0 1715 0 2745 0 0 0 805 0 0 2731 0 0 0 0 
10227 209909 1116 3151.03 239 1724 0 0 0 0 3971 0 0 0 0 0 0 0 0 0 0 0 0 138 0 0 0 0 0 0 0 0 0 0 0 0 
10227 209971 1178 3362.59 0 0 0 0 0 1207 0 970 0 0 0 0 0 3909 3046 0 0 0 0 0 0 0 0 0 0 0 0 0 0 0 0 0 
10228 211022 960 2689.65 0 0 0 0 0 0 0 0 0 0 0 0 720 0 0 0 0 0 0 0 0 0 0 0 0 1019 0 0 0 0 0 0 
10228 211149 1087 3042.08 0 0 0 0 0 0 0 0 0 0 0 0 626 0 0 0 0 0 0 0 0 0 756 0 0 0 0 0 0 0 0 0 
10230 212760 199 564.591 0 0 0 0 0 0 0 0 0 0 0 1286 2376 0 0 0 0 0 665 0 892 0 1618 0 2992 0 0 0 0 0 0 0 
10233 214113 114 363.354 0 0 0 0 0 0 0 0 0 0 0 0 0 0 0 0 0 0 0 0 0 0 0 0 0 0 0 892 0 0 118 946
10238 119 36 96.6962 0 0 0 0 0 0 0 0 0 0 1502 0 0 0 0 0 0 0 0 0 0 0 0 0 0 0 0 4012 0 0 0 
10239 1959 624 1772.26 0 0 0 0 0 0 0 0 0 0 0 0 0 0 0 0 0 0 0 0 0 0 0 0 0 0 0 3936 2596 2002 0 
10261 2889 714 2041.95 0 2030 0 0 0 0 0 0 998 0 0 0 0 0 0 0 0 0 0 0 0 0 0 0 0 0 0 0 0 0 1890 
10262 3503 105 335.302 0 0 0 0 0 0 0 0 0 0 0 0 585 0 0 0 0 0 0 0 0 0 582 0 0 0 0 0 0 0 0 
10262 4345 947 2728.96 0 0 0 0 0 0 0 0 0 0 0 0 517 0 0 0 0 0 0 0 0 0 0 0 0 0 0 0 0 0 0 
10264 6662 728 2083.96 0 0 0 0 0 0 0 0 0 0 0 0 0 0 0 526 0 0 0 572 0 0 0 0 0 0 0 0 0 0 0 
10265 7302 94 260.04 0 0 0 0 0 0 0 0 625 0 0 0 0 0 0 0 0 0 0 0 0 0 0 0 0 0 0 917 0 0 0 
10265 7607 399 1097.37 0 0 0 0 0 0 566 0 0 0 0 0 0 0 0 0 0 0 0 0 0 0 0 0 0 0 0 0 0 513 0 
10266 9578 1097 3298.71 0 0 0 0 0 0 0 0 0 0 0 0 0 0 0 0 0 2401 0 0 1693 0 0 0 0 0 0 1367 0 0 0 
10267 10484 805 2448.32 0 0 0 0 0 0 0 0 0 0 0 0 0 0 0 0 0 0 0 0 0 0 0 0 0 0 0 0 0 0 561 
10270 13670 415 1276.2 0 0 0 0 0 0 577 0 0 0 0 0 0 0 0 0 0 0 0 0 0 0 501 0 0 0 0 0 0 0 0 
10271 14879 377 1057.56 0 0 0 0 0 0 0 0 0 0 0 0 0 0 0 746 0 0 0 593 0 0 0 0 0 0 0 0 0 0 0 
10273 17531 477 1334.57 0 0 0 0 0 1164 0 1287 0 0 0 0 0 1010 0 0 0 0 0 0 0 0 0 3238 0 0 0 0 0 0 0 
10273 17638 584 1647.52 0 0 801 0 0 0 0 0 0 0 0 0 0 0 0 0 0 0 0 0 0 0 0 0 0 0 0 0 0 0 0 
10273 17876 822 2400.28 0 0 0 0 0 0 0 0 0 0 0 0 0 0 0 982 0 1665 0 1505 0 1205 0 0 0 0 0 0 0 0 0 
10274 18931 653 1947.12 0 0 0 0 0 0 0 0 0 0 0 0 0 0 0 592 0 0 0 543 0 0 0 0 0 0 0 0 0 0 0 
10276 20118 259 744.186 1904 0 0 0 0 0 0 0 1117 0 0 0 0 0 0 3602 0 0 0 1528 0 0 0 0 0 0 0 0 0 316 3978 
10276 20427 568 1583.71 0 0 0 0 0 0 0 0 0 0 0 0 596 0 0 0 0 0 0 0 0 0 0 0 0 0 0 640 0 0 0 
10276 20914 1055 2985.39 0 0 0 0 0 0 551 573 0 0 0 0 0 0 0 0 0 0 0 0 0 0 0 0 0 0 0 0 0 0 0 
10277 21354 224 574.114 0 0 1111 0 0 0 654 0 0 0 0 0 0 0 0 4021 0 0 0 0 0 0 0 0 0 0 0 0 0 0 0 
10277 21644 514 1423.98 0 0 0 0 0 0 0 0 0 0 0 0 0 0 0 613 0 0 0 703 0 0 0 0 0 0 0 0 0 0 0 
10278 22899 510 1458.34 0 0 0 0 0 0 0 0 0 0 0 0 0 0 0 0 0 1054 0 0 1142 0 0 0 0 0 0 0 3967 3678 0 
10278 23037 648 1875.12 0 0 0 0 0 0 1152 0 0 0 0 0 0 0 0 0 0 157 0 0 0 0 0 0 0 0 0 4081 0 1418 0 
10278 23152 763 2184.14 0 0 0 0 0 0 0 0 0 0 0 0 529 0 0 0 0 544 0 0 0 0 0 0 0 0 0 0 0 0 0 
10278 23199 810 2301.28 0 0 0 0 0 0 0 0 0 0 0 0 0 0 714 0 0 0 0 0 0 0 0 0 0 0 0 580 0 0 0 
10278 23231 842 2385.82 0 0 0 0 0 0 0 0 0 0 0 0 3899 0 0 0 0 0 0 0 0 0 3887 0 866 1900 0 0 0 0 0 
10278 23322 933 2660.61 0 0 592 0 0 0 0 0 0 0 0 0 0 0 0 0 0 644 0 0 0 0 0 0 0 0 0 0 0 0 0 
10299 23918 300 852.542 0 0 0 0 0 0 0 0 0 0 0 0 0 0 0 545 0 0 0 0 0 0 0 0 0 0 0 0 0 0 524 
10301 24348 204 542.581 0 0 0 0 0 0 0 0 0 0 0 0 0 624 894 0 0 0 0 0 0 0 275 0 0 0 0 0 0 0 0 
10301 24511 367 1035.74 0 792 0 0 0 0 0 711 0 0 0 0 0 0 0 2354 0 0 0 2853 0 0 0 0 0 0 0 0 0 0 0 
10303 25419 5 18.9217 0 0 0 0 0 0 0 0 0 0 0 0 0 0 0 0 0 0 627 0 821 0 0 0 0 0 0 0 0 0 1974 
10304 26195 753 2258.93 0 0 0 1255 0 0 0 0 0 0 0 1457 0 0 0 0 0 0 0 0 0 0 0 0 0 0 0 4003 0 0 0 
10306 27927 65 197.539 0 0 0 0 0 0 0 0 0 0 0 0 649 0 0 0 0 575 0 0 0 0 0 0 0 0 0 0 0 0 0 
10306 28242 380 1081.82 0 0 0 0 0 0 0 544 0 0 0 0 0 0 0 0 0 0 0 0 0 0 0 0 0 0 0 0 0 0 0 
10306 28323 461 1297.63 0 0 0 0 0 0 0 0 0 0 0 0 0 0 529 0 0 0 0 0 0 0 0 0 0 0 0 0 0 0 0 
10308 30881 544 1590.05 0 0 0 0 0 0 0 0 0 0 0 0 0 541 823 0 0 0 0 0 0 0 0 0 0 0 0 0 0 0 0 
10308 31185 848 2468.42 0 0 0 0 0 0 0 0 0 0 0 0 0 0 0 0 1298 993 0 0 1007 0 0 1621 0 0 0 0 0 0 0 
10313 32767 614 1806.78 647 607 0 0 0 0 0 0 0 0 0 0 0 0 0 0 0 0 0 0 0 0 0 0 0 0 0 0 0 0 0 
10313 32808 655 1911.76 0 0 0 0 0 1057 0 1217 0 0 0 0 0 0 0 0 0 0 646 0 0 723 0 0 0 0 0 0 0 0 0 
10313 33372 1219 3580.26 0 0 1567 0 0 0 0 2206 0 0 0 0 0 0 0 0 0 0 0 0 0 0 0 0 0 0 0 1355 0 0 0 
10314 33690 308 930.975 0 0 0 0 0 0 0 0 0 0 0 0 696 0 0 0 0 0 0 0 0 0 0 0 0 698 0 0 0 0 0 
10314 34537 1155 3507.49 0 0 0 0 0 0 0 0 0 0 0 0 0 0 0 0 0 1260 0 0 1208 0 0 0 0 0 0 3850 0 0 0 
10315 34954 382 1092.9 0 0 0 0 0 0 0 0 0 0 0 0 0 246 0 0 0 0 0 0 0 0 0 0 0 0 0 501 0 0 0 
10316 35976 988 2838.13 0 0 0 0 0 0 0 0 0 0 0 0 0 0 0 0 0 0 0 0 0 0 1101 0 3921 3921 0 0 0 0 0 
10317 37463 1235 3484.3 0 0 0 0 0 0 0 0 0 0 0 0 0 560 330 0 0 541 0 0 0 0 0 0 0 0 0 0 0 0 0 
10318 38322 813 2332.5 0 0 0 0 0 0 0 0 0 0 0 0 0 0 0 0 0 0 526 0 0 0 0 0 3058 2946 0 0 0 0 0 
10319 39181 438 1303.83 0 0 0 0 0 0 1197 0 0 0 0 0 0 0 0 3319 0 0 1048 3412 0 1058 0 0 0 0 0 0 0 0 0 
10320 40296 333 1029.12 0 0 0 0 0 0 0 0 0 0 0 0 528 0 0 0 0 506 0 0 0 0 0 0 0 0 0 0 0 0 0 
10320 40689 726 2154.03 0 0 0 0 0 0 0 0 0 0 0 502 0 0 0 0 0 0 0 0 0 0 0 0 0 0 0 0 0 0 671 
10321 41751 565 1664.08 0 0 0 0 0 0 0 0 0 0 0 0 0 0 0 0 0 3938 0 0 0 2770 0 0 0 0 0 0 0 0 3938 
10322 42466 488 1390.49 0 925 0 0 0 0 0 0 0 0 812 0 0 0 0 0 0 838 0 0 782 0 0 0 0 0 0 0 0 0 0 
10322 42796 818 2368.95 0 0 0 0 0 775 532 0 0 0 0 0 0 0 0 0 0 0 0 0 0 0 0 0 0 0 0 0 0 0 0 
10322 43169 1191 3494.86 0 0 0 0 0 593 0 0 547 0 0 0 0 0 0 0 0 0 0 0 0 0 0 0 0 0 0 0 0 0 0 
10323 43834 626 1914.97 0 0 0 0 736 0 0 0 0 0 0 0 0 0 0 0 0 0 681 0 0 0 0 0 0 0 0 0 0 0 0 
10325 45558 286 836.643 0 0 0 0 0 0 0 0 0 0 0 0 0 0 0 536 0 0 0 122 0 0 0 0 0 0 0 550 0 0 0 
10326 46630 115 378.603 0 0 0 0 0 0 0 0 0 0 0 0 0 0 538 0 0 0 0 0 0 0 0 0 0 0 0 637 0 0 0 
10326 47180 665 2021.72 0 0 0 0 0 1328 0 0 0 0 0 0 4044 716 383 0 0 0 0 0 0 0 4050 0 0 0 0 0 0 0 0 
10327 48229 499 1483.87 0 0 0 0 0 601 0 0 0 0 0 0 0 0 0 0 0 637 0 0 0 0 0 0 0 0 0 0 0 0 0 
10328 49064 87 244.769 1428 0 0 0 0 0 0 0 0 1404 0 0 0 0 0 0 0 0 0 0 0 0 0 0 0 0 0 2656 3930 3930 0 
10328 49125 148 396.154 0 0 0 1734 0 0 0 0 0 0 0 0 0 0 0 0 0 929 0 0 0 1488 0 0 0 0 0 0 0 0 0 
10328 49860 883 2567.48 0 0 0 0 1136 0 0 0 0 0 3513 0 0 0 0 0 0 0 949 0 0 1400 0 0 0 0 0 0 0 0 0 
10329 50727 508 1546.83 0 0 0 0 0 0 0 0 2604 0 0 0 0 0 0 175 0 1542 0 0 0 1266 0 0 0 0 0 0 0 0 0 
10329 51176 957 2814 1153 0 0 0 0 0 0 0 0 0 222 1178 0 0 0 0 0 2234 0 0 0 1306 0 0 0 0 0 0 0 0 417 
10330 52200 770 2242.85 0 0 1146 0 0 0 0 0 0 0 1268 0 0 0 0 0 0 0 0 0 0 0 0 0 0 0 0 4070 0 0 0 
10331 53797 1113 3095.04 0 0 0 0 0 0 0 0 0 0 0 581 0 0 0 0 0 0 0 0 0 0 0 0 0 0 0 693 0 0 0 
10332 54140 163 430.92 0 0 0 0 1166 0 0 905 0 0 0 0 0 0 0 0 2485 0 0 0 0 0 0 3892 0 0 0 0 0 0 0 
10332 54352 375 1053.82 0 0 2954 257 0 0 0 0 301 1385 0 0 990 0 0 0 0 0 0 0 0 0 423 0 3932 3932 0 0 0 0 0 
10334 57367 939 2793.99 0 0 1220 0 0 0 0 0 979 0 0 0 0 0 0 0 0 143 0 0 0 539 0 0 0 0 0 0 0 0 0 
10337 60247 103 294.844 649 4077 777 389 0 0 0 0 0 773 4077 547 0 0 0 0 0 1835 0 0 921 0 0 0 0 0 0 284 4083 2665 0 
10337 60610 466 1368.02 0 0 512 0 0 0 0 0 0 0 0 1736 0 0 0 0 0 0 0 0 0 0 0 0 3255 0 0 3972 0 0 0 
10338 61724 771 2263.32 0 0 0 0 0 0 0 0 0 0 0 0 0 3860 0 0 2623 0 0 0 0 0 646 2398 0 0 0 0 0 0 0 
10338 61735 782 2291.38 0 0 0 999 0 0 0 0 0 0 0 1273 0 0 0 0 0 0 388 0 581 0 0 0 3855 0 0 0 0 0 0 
10339 62517 311 897.769 0 0 0 0 0 0 4074 700 0 0 0 0 0 0 0 0 0 0 0 0 0 0 0 0 0 0 0 0 235 121 448 
10339 62550 344 993.578 0 0 0 0 0 0 0 0 0 511 0 0 0 0 0 0 0 0 0 0 0 0 0 0 0 0 0 581 0 0 0 
10339 63270 1064 3054.07 0 0 0 0 0 0 0 0 0 0 0 0 0 0 0 0 0 1099 0 0 0 737 0 0 0 0 0 0 2762 0 0 
10340 63536 91 250.369 0 0 0 0 0 0 0 0 0 0 0 0 0 0 0 0 0 0 0 0 0 0 0 0 0 0 0 0 505 0 0 
10341 63745 36 103.667 0 0 0 0 0 0 0 0 0 0 0 0 0 0 0 558 0 0 0 641 0 0 0 0 0 0 0 0 0 0 0 
10341 64036 327 977.095 0 0 0 0 0 1067 0 2045 0 0 0 0 299 0 316 0 0 0 1145 0 770 0 112 0 0 0 0 0 0 0 0 
10342 65883 953 2746.67 0 0 0 0 0 0 1488 0 0 0 0 0 0 0 0 1753 0 1404 0 0 0 0 0 0 0 0 0 0 0 0 0 
10342 66098 1168 3343.09 0 0 0 2176 0 0 0 0 953 0 0 0 0 0 0 0 0 1314 0 0 1188 0 0 0 0 0 0 0 0 0 0 
10347 68998 48 114.58 0 0 0 0 0 0 0 0 0 722 185 0 0 0 0 0 0 0 0 0 0 0 0 0 0 0 0 2991 0 0 0 
10348 70331 211 623.897 0 0 0 0 0 0 1179 0 0 0 0 0 0 0 0 0 3982 0 841 176 764 0 0 1487 0 0 0 0 0 0 0 
10350 71874 179 504.189 1687 0 0 0 0 0 0 0 1631 351 0 0 0 0 0 0 0 1114 0 0 0 1431 0 0 0 0 0 0 0 0 1065 
10355 72444 170 492.823 0 0 0 2089 0 0 0 1729 0 0 0 0 0 1808 1678 0 0 0 0 0 0 0 0 0 0 0 0 0 0 0 0 
10357 73154 464 1339.31 0 0 0 0 0 0 0 0 0 0 0 0 0 0 0 0 0 0 0 0 0 0 0 0 0 0 0 2879 3989 3269 0 
10357 73744 1054 3084.3 0 0 0 0 0 0 0 0 0 0 0 0 0 0 0 0 0 0 0 0 0 0 0 0 0 0 0 0 0 0 721 
10423 74484 453 1370.07 0 0 0 0 0 0 0 0 0 0 0 0 0 0 0 0 0 0 0 0 0 0 0 0 0 0 0 0 0 0 557 
10423 74648 617 1809.5 339 325 643 525 0 0 0 0 470 649 0 0 0 0 0 193 0 0 0 128 0 0 0 0 0 531 0 103 0 0 0 
10426 75396 11 26.5413 0 0 0 0 0 0 0 0 0 0 0 0 0 0 0 0 0 0 0 0 0 0 0 0 0 0 0 2272 0 0 0 
10426 75430 45 113.42 0 0 0 0 0 0 0 0 0 0 0 0 0 0 0 0 0 0 1075 0 1523 0 0 0 0 0 0 0 0 0 0 
10426 75897 512 1480.44 0 0 0 0 0 0 862 0 0 0 0 0 0 0 0 0 3927 0 690 0 0 534 0 3927 0 0 0 0 0 0 0 
10429 79269 200 577.954 0 0 0 0 615 0 0 0 0 0 0 0 0 0 0 0 0 573 0 0 0 0 0 0 0 0 0 0 0 0 0 
10431 81086 55 155.454 1173 0 0 0 0 0 0 0 1148 0 0 0 0 0 0 0 0 1013 0 0 1215 0 0 0 0 0 0 0 0 0 124 
10431 81827 796 2379.75 0 0 0 0 1001 0 0 0 0 1102 0 0 1679 0 0 0 0 0 0 0 0 0 1346 0 0 0 0 0 0 0 0 
10433 84295 833 2394.06 0 0 0 0 0 1125 0 0 0 0 0 2731 0 0 0 0 0 0 0 0 0 0 0 0 0 4090 0 871 0 0 0 
10433 84381 919 2658.61 0 0 0 0 0 0 0 0 0 0 0 0 0 0 0 0 0 0 0 0 0 0 0 0 0 0 0 0 0 0 612 
10434 85046 348 1027.23 0 901 0 0 0 0 0 693 0 0 0 0 0 0 0 0 0 0 0 121 0 407 0 0 0 0 0 0 0 0 531 
10434 85762 1064 3000.84 0 0 0 0 1334 0 0 0 0 0 1047 0 1841 0 0 0 0 0 0 0 0 0 1322 0 0 0 0 0 0 0 0 
10436 86484 79 244.671 0 0 0 0 0 0 0 0 0 0 0 0 0 0 508 0 0 0 0 563 0 0 0 0 0 0 0 0 0 0 0 
10437 86838 232 619.564 0 0 0 0 0 0 0 0 0 0 0 676 0 0 0 0 0 0 0 0 0 0 0 0 0 0 0 0 0 0 0 
10439 88074 1 11.9723 0 0 0 0 1004 0 0 2837 0 0 0 0 0 0 0 0 0 0 577 0 0 927 0 0 0 0 0 0 0 0 0 
10441 89741 557 1605.57 0 0 0 0 0 0 0 1191 0 0 0 0 0 0 0 0 0 0 748 155 1355 0 0 0 0 0 0 0 0 0 0 
10441 89812 628 1827.7 0 0 0 0 0 0 0 0 0 0 0 0 0 0 0 504 0 525 0 0 0 0 0 0 0 0 0 0 0 0 0 
10455 93117 151 457.534 0 0 0 0 0 0 0 0 0 0 0 0 0 1737 1947 0 0 0 1095 0 0 1273 0 0 0 0 0 0 0 0 0 
10458 94113 125 349.382 0 0 0 0 0 0 0 0 0 0 0 0 0 0 0 0 0 1465 0 0 0 0 0 0 0 0 0 0 0 0 2485 
10461 94958 265 763.231 2251 0 0 0 0 0 0 0 0 0 0 1480 0 0 0 0 0 0 0 0 0 0 0 0 0 0 0 1892 3965 3965 0 
10467 95430 43 143.851 0 504 0 0 0 0 0 0 0 516 0 0 0 0 0 0 0 0 0 0 0 0 0 0 0 0 0 0 0 0 0 
10470 95773 14 51.3182 0 0 0 0 0 0 0 0 0 0 0 0 635 0 0 0 0 0 0 0 0 0 0 0 0 0 0 0 0 0 619 
10470 95919 160 505.705 0 0 0 0 0 0 0 698 532 0 0 0 0 0 0 0 0 0 0 0 0 0 0 0 0 0 0 0 0 0 0 
10481 96034 91 279.941 0 2672 0 0 0 0 0 0 0 0 0 2125 0 0 0 0 0 2370 0 0 3986 0 0 0 0 0 0 0 0 0 0 
10483 98818 489 1468.33 0 0 0 0 0 0 0 0 0 0 0 1316 0 0 0 0 0 0 2139 0 2639 0 0 0 0 0 0 3995 0 0 0 
10510 100284 216 618.377 0 0 0 1701 0 0 0 0 0 0 0 0 0 0 0 0 0 0 0 0 0 0 0 0 0 0 0 3129 0 0 0 
10510 101212 1144 3259.43 0 1841 0 0 0 0 0 0 0 0 0 2025 0 0 0 0 0 0 1885 0 2264 0 0 0 0 0 0 0 0 0 0 
10511 101846 499 1385.26 0 0 0 0 0 0 0 0 0 517 0 0 0 0 0 0 0 0 0 0 0 0 0 0 0 0 0 0 0 0 0 
10511 102038 691 1971.4 0 0 0 0 0 0 0 1978 0 0 0 0 0 0 0 0 0 0 1768 0 2639 0 0 0 0 0 0 0 0 0 0 
10515 106282 52 177.054 0 0 0 2728 0 0 0 0 313 1146 0 0 0 0 0 0 2143 0 0 0 0 0 0 2006 0 0 0 0 0 0 0 
10515 106411 181 555.876 0 0 0 0 0 0 962 0 0 0 0 0 0 0 0 2859 0 1319 0 2456 1211 0 0 0 0 0 0 0 0 0 0 
10515 106854 624 1851.61 0 0 0 0 0 0 0 0 0 0 0 0 0 1175 622 0 0 0 0 0 0 0 0 0 0 0 0 0 0 0 0 
10515 107188 958 2809.12 0 0 0 0 0 0 0 1383 333 329 0 0 0 0 0 0 0 0 0 0 0 0 0 0 0 0 0 0 0 0 0 
10516 108253 806 2429.11 0 0 0 0 0 970 0 0 0 0 0 1036 0 0 0 0 0 0 0 0 0 0 0 0 0 0 0 0 0 0 0 
10518 109980 57 143.959 0 0 0 0 0 0 0 0 0 0 860 0 0 0 0 0 0 0 0 0 0 0 0 0 0 0 0 0 0 4063 0 
10519 111484 275 782.921 0 0 0 0 0 0 1126 0 0 0 0 0 0 0 0 4060 0 0 855 4071 0 1772 0 0 0 0 0 0 0 0 0 
10519 112107 898 2538.4 1375 0 0 0 0 0 0 0 0 3103 199 0 0 0 0 0 0 0 0 0 0 0 0 0 0 0 0 3946 0 193 0 
10520 112705 246 720.888 0 0 0 0 0 0 0 0 533 515 0 0 0 0 0 0 0 0 0 0 0 0 0 0 0 0 0 0 0 0 0 
10522 115142 266 784.636 0 0 0 0 0 0 0 0 0 0 0 0 0 0 0 502 0 0 0 795 0 0 0 0 0 0 0 0 0 0 0 
10522 115419 543 1606.16 0 0 0 0 0 0 0 0 0 0 0 0 483 0 0 0 0 0 753 0 761 0 287 0 3911 3911 0 0 0 0 0 
10524 118010 659 1976.83 0 0 1020 4081 0 0 0 732 4081 443 0 0 0 0 0 1953 4030 0 0 2673 0 0 0 0 0 0 0 0 0 0 0 
10524 118027 676 2031.02 0 0 0 0 0 0 0 0 0 0 0 0 542 0 0 557 0 0 0 0 0 0 0 0 0 0 0 0 0 0 0 
10525 119203 596 1709.93 0 0 0 0 0 0 0 0 0 0 0 0 0 0 0 0 0 1315 0 0 0 1080 0 0 0 0 0 0 0 0 2257 
10527 120748 303 912.258 0 0 503 0 0 0 0 0 0 516 0 0 0 0 0 0 0 0 0 0 0 0 0 0 0 0 0 0 0 0 0 
10549 121487 734 2161.51 0 342 0 0 287 630 520 407 586 0 527 778 340 274 278 0 0 185 0 151 0 0 0 0 0 0 0 0 0 0 136 
10549 121555 802 2368.02 0 0 0 0 0 1488 790 0 0 0 0 0 0 0 0 0 0 0 0 0 0 0 0 0 0 0 0 0 0 0 0 
10549 121918 1165 3501.54 628 372 522 440 613 1126 805 632 726 671 793 1328 373 333 330 0 0 275 0 275 0 0 308 0 0 0 0 217 0 156 209 
10552 123266 613 1870.37 0 1256 0 0 0 0 0 0 0 0 0 1246 0 0 0 0 0 0 0 0 0 0 0 0 0 0 0 3916 0 0 0 
10552 123750 1097 3327.02 0 0 0 0 0 0 0 0 0 0 0 0 0 0 0 506 0 0 0 551 0 0 0 0 0 0 0 0 0 0 141 
10554 125450 361 1119.52 0 0 0 0 0 873 0 0 0 0 0 1372 0 0 0 0 0 0 0 0 0 0 0 0 427 3612 0 0 0 0 0 
10554 125454 365 1129.76 0 0 0 0 0 1200 0 0 0 1090 0 0 0 0 0 0 0 0 1368 0 956 0 0 0 0 0 0 0 0 0 0 
10554 125619 530 1655.29 0 0 0 0 0 303 0 0 0 339 279 0 4067 0 0 0 0 1317 0 123 0 603 1384 0 0 0 0 0 0 0 0 
10554 126248 1159 3440.31 0 0 0 614 0 0 0 0 0 0 0 0 0 0 576 0 0 0 0 0 0 0 0 0 0 0 0 0 0 0 0 
10555 126867 560 1553.85 0 0 0 0 0 0 0 0 0 0 0 0 0 508 527 0 0 0 0 0 0 0 0 0 0 0 0 0 0 0 0 
10556 127923 349 996.322 0 0 0 0 749 0 0 0 0 0 1757 0 0 0 0 0 0 0 846 0 503 0 0 0 0 0 0 0 0 0 0 
10556 128623 1049 3094.7 0 0 0 0 0 0 0 0 0 0 0 0 0 0 0 626 0 0 0 540 0 0 0 0 0 0 0 0 0 0 0 
10556 128699 1125 3333.08 0 0 0 0 0 0 0 0 0 0 0 0 0 0 0 0 4026 1477 0 0 0 615 118 4026 0 0 0 0 0 0 0 
10570 130742 32 103.893 0 0 0 0 0 0 0 0 0 0 0 0 0 0 0 0 0 1356 0 0 886 0 0 0 0 0 0 3984 0 0 0 
10608 133182 414 1144.58 0 0 0 0 0 0 0 0 0 0 0 0 0 0 0 3966 0 2730 0 2797 0 3703 0 0 0 0 0 0 0 0 0 
10609 134334 302 874.257 0 4073 0 0 0 0 0 0 1263 0 0 0 0 0 0 1348 0 0 0 1748 0 0 0 0 0 0 0 0 0 0 0 
10611 136656 174 499.875 0 0 0 0 1043 0 0 0 0 0 0 1382 0 0 0 0 0 0 0 0 0 0 0 0 0 0 0 1862 0 0 0 
10611 137381 899 2695.66 0 0 0 0 0 0 0 0 0 0 0 0 0 513 0 0 0 0 0 0 0 0 0 545 0 0 0 0 0 0 0 
10611 137440 958 2840.29 0 0 0 0 0 0 0 0 0 0 904 0 0 0 0 0 0 0 1065 0 632 0 0 0 0 0 0 0 0 0 0 
10612 137830 154 506.517 0 0 0 0 0 0 0 0 0 0 0 0 527 0 0 0 0 0 0 0 0 0 0 0 0 0 0 0 0 0 583 
10612 138043 367 1120.97 0 0 0 0 0 503 0 0 0 0 0 0 0 0 0 0 0 569 0 0 0 0 0 0 0 0 0 0 0 0 0 
10615 141585 172 526.41 0 0 0 0 0 0 0 0 0 0 0 0 0 266 0 0 0 0 0 0 0 0 0 0 0 0 0 0 0 0 910 
10615 142286 873 2511.53 0 0 0 0 0 0 0 0 0 0 0 0 0 0 0 1124 0 0 0 1805 0 0 0 0 0 0 0 0 0 0 0 
10616 142896 226 621.83 0 0 0 0 0 0 0 0 0 0 0 0 0 0 0 0 0 0 0 0 0 0 0 0 0 0 0 1286 3685 2872 0 
10616 143092 422 1199.22 0 0 0 0 0 0 0 0 0 0 0 0 0 0 562 0 0 0 0 0 0 0 0 0 0 0 0 0 0 536 0 
10616 143532 862 2532.44 0 0 0 0 0 0 0 0 523 0 0 0 0 0 0 0 0 0 0 0 0 0 0 0 0 0 0 0 0 0 0 
10618 145713 552 1547.3 0 0 0 0 1501 0 0 0 0 0 0 2185 0 0 0 0 0 1837 0 0 1053 0 0 0 0 0 0 0 0 0 0 
10618 146245 1084 3135.53 0 996 0 0 0 0 0 0 1972 0 0 0 0 0 0 0 0 0 0 0 0 0 0 0 0 0 0 2551 0 0 0 
10620 148109 483 1447.97 0 0 568 3899 0 0 0 0 3899 0 0 0 0 0 0 0 0 0 0 0 0 0 0 0 1298 1051 0 0 0 0 0 
10621 148946 142 478.385 1388 0 0 0 0 0 0 0 0 959 0 0 0 0 0 0 0 0 0 0 0 0 0 0 0 0 0 4085 0 0 0 
10621 149138 334 992.72 0 0 0 0 0 932 0 0 0 1583 0 0 0 0 0 267 3893 0 0 0 0 0 0 3893 0 0 0 0 0 0 0 
10622 151167 1121 3184.29 0 0 0 2077 0 0 0 1718 341 0 0 0 0 0 0 0 0 0 0 0 0 0 0 0 0 0 0 0 0 0 2071 
10623 151711 400 1224.4 0 0 0 0 0 0 0 0 0 0 0 0 623 0 0 0 0 0 0 0 0 0 598 0 0 0 0 0 0 0 0 
10623 152022 711 2085.85 0 0 0 0 0 0 0 0 0 0 0 0 518 0 0 0 0 0 0 0 0 0 534 0 0 0 0 0 0 0 0 
10623 152534 1223 3547.65 0 0 0 0 0 1123 0 0 0 1089 0 0 0 0 0 0 0 0 793 0 764 0 270 0 0 0 0 0 0 0 0 
10624 152737 190 558.341 0 0 0 0 0 0 0 0 0 0 0 0 0 4055 3454 0 1911 0 0 0 0 0 0 1630 0 0 0 0 0 0 0 
10624 152863 316 919.591 0 0 0 0 657 0 786 0 0 0 0 0 0 0 0 0 0 0 0 0 0 0 0 0 0 0 0 0 0 0 0 
10625 154690 915 2716.66 0 0 0 0 1038 0 0 848 0 0 0 0 0 0 0 522 0 928 0 1650 0 771 0 0 0 0 0 0 0 0 0 
10626 155907 907 2537.73 0 0 0 0 0 1304 0 0 0 0 0 2780 0 0 0 0 0 1324 0 0 1405 0 0 0 0 534 0 317 0 0 0 
10626 156175 1175 3297.64 0 0 1344 0 0 0 0 0 0 0 0 0 0 0 0 0 0 0 705 0 0 877 0 0 0 0 0 0 0 0 0 
10627 157416 1148 3301.49 0 2010 0 0 0 0 0 0 0 1900 0 0 0 0 0 0 0 0 0 0 0 0 0 0 0 0 0 0 2854 1657 0 
10628 157790 260 704.172 0 0 0 0 0 0 0 0 0 0 0 827 0 0 0 0 0 0 0 0 0 0 0 0 0 0 0 539 0 0 0 
10629 158270 360 1028.13 0 0 0 0 0 0 0 0 0 0 0 0 0 0 0 3835 0 1269 0 3571 0 1010 0 0 0 0 0 0 0 0 0 
10629 158987 1077 3102.09 0 0 0 2340 0 0 0 1137 413 0 0 0 0 0 0 0 0 0 1100 0 948 0 0 0 0 0 0 0 0 0 0 
10632 162255 624 1838.7 0 0 0 0 0 355 0 0 1135 556 0 0 1814 1715 0 0 0 0 0 0 0 0 2403 0 0 0 0 0 0 0 0 
10634 164058 32 85.3553 287 316 1247 0 0 0 0 0 0 0 1511 0 0 0 0 0 0 0 0 0 0 0 0 0 0 0 0 0 1220 1292 0 
10634 164546 520 1511.83 0 0 0 0 0 0 0 0 0 0 0 0 0 0 0 0 0 1127 0 0 485 0 0 0 0 0 0 154 2295 0 0 
10634 164716 690 2010.3 0 0 1811 0 0 0 0 0 1043 0 0 0 0 0 0 0 0 1032 0 0 0 751 0 0 0 0 0 0 0 0 0 
10635 166001 759 2211.15 0 0 0 0 0 0 0 0 0 0 0 0 0 0 0 0 0 0 1666 0 834 0 0 0 2900 3353 0 0 0 0 0 
10637 167950 256 708.324 0 0 0 0 0 0 0 0 0 686 0 0 0 0 0 0 0 2334 0 0 0 1591 0 0 0 0 0 0 0 0 3971 
10637 168142 448 1255.27 0 0 0 0 0 0 0 0 0 0 0 590 0 0 0 0 0 0 0 0 0 0 0 0 0 0 0 598 0 0 0 
10637 168224 530 1484.48 0 0 0 0 0 0 0 0 0 0 0 0 0 0 0 509 0 0 0 560 0 0 0 0 0 0 0 0 0 0 0 
10639 169093 20 50.2833 0 0 0 0 0 0 0 0 0 0 0 0 0 231 0 0 0 0 2784 0 0 1395 0 0 1237 1294 0 0 0 0 0 
10639 170212 1139 3387.03 0 0 0 0 0 0 0 0 0 0 1401 0 0 0 0 0 0 0 810 0 654 0 0 0 0 0 0 0 0 0 0 
10641 171545 46 125.133 0 0 0 0 0 0 0 0 0 0 0 0 0 0 0 527 0 0 0 862 0 0 0 0 0 0 0 0 0 0 0 
10641 172152 653 1956.44 671 589 0 0 0 0 0 0 0 0 0 0 0 0 0 0 0 0 0 0 0 0 0 0 0 0 0 0 0 0 0 
10641 172442 943 2845.02 0 0 0 0 0 0 1069 0 0 0 0 0 0 0 0 2958 0 3947 0 2395 0 3947 0 0 0 0 0 0 0 0 0 
10641 172611 1112 3341.45 0 0 0 0 0 1036 0 1259 0 0 0 0 0 0 0 0 926 0 824 0 0 402 0 4030 0 0 0 0 0 0 0 
10641 172669 1170 3499.22 0 0 0 0 0 0 0 0 0 0 0 0 524 0 0 0 0 0 0 0 0 0 514 0 0 0 0 0 0 0 0 
10642 173363 653 1921.68 0 0 0 0 0 0 0 0 0 0 0 0 0 0 0 0 0 0 0 0 0 0 0 0 0 0 0 0 0 0 578 
10643 174113 167 491.43 1166 0 0 0 0 0 0 0 0 646 0 0 0 0 0 0 0 1303 0 0 0 1275 0 0 0 0 0 0 0 0 0 
10643 174565 619 1826.35 0 0 0 2000 0 0 0 0 0 1269 0 0 0 0 0 0 0 0 1714 0 1266 0 0 0 0 0 0 0 0 0 0 
10644 175918 759 2196.02 0 0 0 0 0 0 0 0 0 0 742 0 0 0 0 0 0 1113 0 0 0 458 0 0 0 0 0 0 3997 3997 0 
10645 176732 328 944.983 0 0 0 0 0 0 0 0 0 0 0 0 714 0 0 0 0 0 0 0 0 0 561 0 0 0 0 0 0 0 0 
10646 177926 262 703.981 0 0 0 0 0 2742 0 0 1361 0 0 0 0 0 2977 0 0 0 0 0 0 0 0 0 0 0 0 0 0 0 0 
10646 178296 632 1803.8 0 0 0 0 0 0 0 0 0 0 0 0 0 0 0 0 0 827 0 0 720 0 0 0 0 0 0 0 3159 0 0 
10647 179426 525 1631.98 0 0 0 0 0 0 0 0 0 0 0 0 0 0 0 0 0 0 0 0 0 0 0 0 4017 4017 0 0 0 0 0 
10647 179535 634 2013.36 0 0 0 0 0 0 0 0 0 0 0 0 0 0 0 0 0 0 0 0 0 0 0 0 0 0 0 0 0 0 729 
