8868 143 143 492.995 0 0 2928 0 0 0 0 0 0 0 1197 0 0 0 0 0 0 0 0 0 0 0 0 0 
8868 285 285 938.787 0 0 0 1833 0 0 0 0 0 0 1046 0 2035 0 0 0 0 0 0 0 0 0 1848 0 
8880 1091 35 99.2937 0 0 3953 0 0 0 479 3775 0 0 0 0 0 0 0 0 0 1331 0 0 0 940 0 0 
8882 2543 947 3062.81 0 0 0 0 0 0 0 0 0 0 0 0 506 0 0 0 0 0 0 0 0 0 928 0 
8883 3381 673 2132.18 0 0 0 0 0 0 778 224 0 0 0 0 0 231 0 768 1128 0 0 1704 0 0 0 0 
8884 3844 37 158.25 0 0 0 0 0 0 0 0 0 0 0 0 0 0 524 0 0 548 0 0 0 0 0 0 
8884 4136 329 1114.56 0 1554 0 0 0 0 0 946 0 0 0 0 0 0 0 0 0 0 0 0 0 0 0 0 
8885 5540 664 2151.69 0 0 0 0 0 0 0 0 0 524 524 0 0 0 0 0 0 0 0 0 0 0 0 0 
8888 8372 213 698.165 0 0 3025 0 0 0 0 0 0 0 0 1444 0 0 0 0 0 1504 0 0 1266 0 0 0 
8892 11844 802 2685.57 0 1110 0 0 0 0 0 0 1604 0 0 0 0 0 0 1430 0 0 0 1942 0 0 0 0 
8899 13975 256 824.51 0 0 0 1459 0 0 0 0 0 1659 0 0 0 0 0 0 0 0 1158 0 0 730 0 0 
8900 15095 296 921.633 0 0 0 0 0 679 0 0 0 0 834 0 0 0 0 0 0 0 0 0 0 0 0 0 
8900 15135 336 1067.93 0 0 0 0 0 0 0 0 0 0 0 0 0 0 0 1199 0 525 0 1980 0 171 0 0 
8901 16696 780 2587.88 0 0 0 0 1039 0 0 0 0 0 884 0 0 0 0 0 0 0 1593 0 1069 0 0 0 
8901 16834 918 3035.61 0 0 510 0 0 0 0 0 0 538 0 0 0 0 0 0 0 0 0 0 0 0 0 0 
8904 20167 981 3397.97 0 0 1283 0 0 0 0 1029 0 0 0 0 0 0 0 0 0 2353 0 0 0 716 0 0 
8905 20478 258 801.912 0 0 1077 0 0 0 0 0 0 0 0 1391 0 0 0 0 0 1356 0 0 1407 0 0 0 
8905 20547 327 1035.74 0 0 863 0 0 0 0 1306 0 0 0 0 0 587 364 0 0 0 0 0 0 544 0 0 
8905 20857 637 2031.49 1079 0 0 0 0 0 0 0 0 1481 0 0 0 0 0 0 0 1356 0 0 789 0 0 0 
8905 21273 1053 3375.18 0 0 0 0 0 0 0 0 0 0 0 0 0 689 580 0 0 0 0 0 0 0 0 0 
8921 23053 15 37.6761 0 0 0 0 0 0 0 0 0 0 0 0 0 0 737 0 0 0 590 0 0 0 0 0 
8938 24858 547 1903.24 0 0 0 0 539 0 0 0 0 0 0 0 0 0 0 0 0 0 0 525 0 0 0 0 
8938 25121 810 2710.14 0 0 1163 0 0 0 0 801 0 0 0 0 0 0 0 192 0 0 0 0 0 0 0 0 
8939 25876 489 1618.62 0 0 0 2692 0 0 0 1102 336 0 0 0 0 0 0 0 0 0 1128 0 0 788 0 0 
8939 25888 501 1665.39 0 0 0 0 239 3012 0 0 0 1781 0 0 0 0 0 0 0 0 2361 0 1965 0 0 0 
8939 26439 1052 3529.04 0 0 0 0 0 0 0 0 0 0 0 0 1968 0 0 0 0 0 1562 0 0 1111 1538 0 
8940 27447 989 3268.82 0 0 0 0 0 0 0 0 0 0 0 0 0 0 0 0 0 1676 0 0 0 624 0 0 
8941 28261 717 2411.38 0 0 908 0 0 0 0 0 1095 0 0 0 0 0 0 0 0 0 1230 0 0 2002 0 0 
8941 28389 845 2803.65 4021 0 0 0 0 0 0 0 0 0 280 4045 0 0 0 0 0 1208 0 0 381 0 0 0 
8945 31619 289 927.844 0 0 0 0 0 0 0 0 0 0 0 0 0 2358 1898 0 0 1728 0 0 0 1185 0 0 
8946 32739 283 991.495 934 0 0 0 0 0 0 0 0 0 0 1080 0 0 0 0 0 0 0 0 0 0 0 0 
8946 33479 1023 3442.8 0 0 0 0 0 0 0 0 0 0 0 0 0 3991 2432 0 0 0 1007 0 0 1071 0 0 
8947 34495 962 3270.23 0 0 0 0 0 0 0 0 0 0 0 0 0 819 717 0 0 0 0 0 0 0 0 0 
8949 36159 499 1775.56 0 0 0 0 0 0 0 0 0 0 0 0 0 0 0 2540 0 2212 0 2650 0 1639 0 0 
8950 36789 85 279.333 0 0 0 0 0 0 0 0 0 0 0 0 0 1593 1673 0 0 0 2038 0 0 1494 0 0 
8950 37231 527 1625.25 0 0 0 0 0 0 0 0 0 0 0 0 0 938 1051 0 0 0 0 0 0 0 0 0 
8950 37358 654 2045.74 0 0 0 1437 0 0 0 0 306 1024 0 0 0 0 0 2282 0 0 0 2804 0 0 0 0 
8951 37997 192 649.733 0 0 0 0 600 0 0 0 579 0 0 0 0 0 0 0 0 0 0 0 0 0 0 0 
8952 38964 91 330.224 0 0 0 0 0 0 0 0 0 0 0 0 0 709 0 0 0 0 596 0 0 0 0 0 
8952 39208 335 1115.03 0 755 0 0 0 0 0 0 538 0 0 0 0 0 0 0 0 0 0 0 0 0 0 0 
8952 39890 1017 3383.51 0 0 0 0 0 0 0 0 0 0 0 0 0 0 0 1752 301 3124 403 3861 0 1534 0 0 
8953 40605 651 2112.93 0 0 0 0 0 0 0 0 0 0 0 0 0 649 0 0 0 0 0 0 0 0 0 528 
8953 40973 1019 3267.94 0 0 0 0 0 0 0 0 0 0 0 0 0 0 0 4054 0 1288 0 3903 0 959 0 0 
8954 41334 248 759.491 733 0 0 0 0 0 0 639 0 0 0 0 0 0 0 0 0 0 0 0 0 0 0 0 
8955 42493 298 973.868 0 0 0 568 0 0 0 0 0 526 0 0 0 0 0 0 0 0 0 0 0 0 0 0 
8955 43040 845 2735.42 0 0 1193 0 0 0 0 0 0 1242 0 0 0 0 0 0 0 0 0 0 0 0 0 0 
8958 45809 320 1069.16 0 0 0 951 0 0 0 0 0 0 0 749 0 0 0 0 0 1000 0 0 561 0 0 0 
8958 46437 948 3064.98 0 0 0 0 0 0 0 0 0 0 0 0 0 0 0 0 0 0 1251 0 590 185 0 0 
8959 46834 230 769.476 0 0 1043 0 0 0 0 1414 0 0 0 0 0 0 0 0 0 0 1442 0 1134 0 0 0 
8960 48117 429 1276.35 0 0 0 0 0 0 0 0 0 0 0 0 0 0 0 560 0 0 0 550 0 0 0 0 
8961 49426 586 1884.1 0 0 0 0 0 0 0 0 0 0 0 0 0 0 0 668 0 0 0 557 0 0 0 0 
8962 49973 18 54.0844 0 0 0 0 0 0 0 0 0 1867 0 0 0 0 0 0 0 917 0 0 0 930 0 0 
8963 51374 340 1166.45 0 0 0 0 0 0 0 0 0 0 0 0 0 563 717 0 0 0 0 0 0 0 0 0 
8965 53687 453 1490.42 0 0 0 0 0 0 0 0 0 0 0 0 0 507 0 0 0 0 0 531 0 0 0 0 
8965 53936 702 2354.72 0 0 0 1733 0 0 0 0 907 0 0 0 0 0 0 0 0 0 1664 0 0 371 0 0 
8966 54534 227 712.616 2028 0 0 0 0 0 0 0 0 0 0 955 0 0 0 0 0 0 0 0 0 0 0 0 
8966 55238 931 3049.88 0 0 0 0 0 0 0 0 0 0 0 0 0 2999 3897 0 0 0 1142 0 0 1427 0 0 
8967 55941 518 1707.24 0 0 0 0 0 0 0 0 0 0 0 0 0 0 0 0 0 151 2503 0 1703 0 0 0 
8968 57100 565 1790.34 0 0 0 0 0 0 0 0 0 0 0 0 0 0 0 940 0 0 0 583 0 0 0 0 
8968 57228 693 2184.63 0 0 3281 0 0 0 0 0 959 0 0 0 0 0 0 0 0 0 980 0 0 1008 0 0 
8968 57267 732 2309.01 726 0 0 0 0 0 0 0 0 593 0 0 0 0 0 0 0 0 0 0 0 0 0 0 
8969 58320 650 2180.24 0 0 0 0 0 0 0 0 0 0 0 0 0 2517 1673 0 0 0 1536 0 0 1296 0 0 
8972 61514 595 1944.12 0 0 0 0 0 0 0 0 0 0 0 0 567 0 0 0 0 0 0 0 0 0 979 0 
8973 62029 24 90.4678 0 0 0 0 0 0 0 0 0 0 0 0 0 0 0 0 3891 0 1154 0 0 510 0 0 
8973 62999 994 3190.93 0 0 0 0 0 0 0 0 0 0 0 0 638 0 0 0 0 647 0 0 0 0 0 0 
8973 63036 1031 3302.46 0 0 0 0 0 0 0 0 0 0 0 1434 0 0 0 0 0 0 1612 0 1233 0 0 0 
8974 63631 507 1574.3 0 0 0 0 0 0 0 0 0 0 0 0 0 0 0 0 0 1075 0 0 810 0 0 0 
8975 64722 470 1469.77 0 0 0 0 0 0 0 0 0 0 0 0 0 526 592 0 0 0 0 0 0 0 0 0 
8976 65849 453 1542.14 0 0 0 0 0 0 0 0 0 0 0 0 0 802 603 0 0 0 0 0 0 0 0 0 
8977 67397 905 2914.59 0 0 0 0 0 0 0 0 0 787 0 0 0 0 0 564 0 0 0 176 0 0 0 0 
8979 68765 62 235.781 0 0 0 0 0 0 0 0 0 0 0 0 0 633 535 0 0 0 0 0 0 0 0 0 
8982 69675 419 1337.66 0 0 0 0 0 0 0 0 0 0 0 0 2658 0 0 0 0 0 1992 0 967 0 3599 0 
8982 70141 885 2848.63 0 0 0 0 0 0 0 0 0 0 0 1518 0 0 0 0 0 953 0 0 1008 0 0 0 
8983 70714 373 1225.54 232 4039 0 0 0 0 0 0 0 0 1873 0 0 0 0 0 0 0 0 0 0 0 0 0 
8983 70774 433 1435.57 0 0 0 0 0 0 0 0 0 0 0 0 504 235 558 0 0 0 0 0 0 0 0 0 
8983 71398 1057 3440.44 0 0 0 0 0 0 0 0 0 0 0 0 1004 0 0 0 0 0 0 0 0 0 736 0 
8984 71640 198 706.565 0 0 0 0 0 0 0 0 0 0 0 0 3427 0 0 0 0 0 1228 0 0 722 2691 0 
8984 72280 838 2843.71 0 0 0 1615 0 0 0 0 0 1088 0 0 0 0 0 0 0 1213 0 0 0 815 0 0 
8987 73755 49 194.742 0 0 0 0 0 0 0 0 0 0 0 0 594 0 0 0 0 0 0 0 0 0 614 0 
8988 75286 544 1795.08 0 0 621 0 0 0 0 0 0 0 698 0 0 0 0 0 0 0 0 0 0 0 0 0 
8988 75794 1052 3516.09 0 0 0 0 1161 0 0 0 0 0 0 1322 0 0 0 0 0 0 0 0 0 0 0 0 
8994 77556 71 215.611 0 0 542 0 0 0 0 0 0 0 528 0 0 0 0 0 0 0 0 0 0 0 0 0 
8995 77687 46 143.241 0 0 0 0 0 0 0 0 0 0 0 0 0 651 540 0 0 0 0 0 0 0 0 0 
8995 78619 978 3168.13 0 0 0 0 0 0 0 0 0 0 0 698 0 0 0 0 0 546 0 0 0 0 0 0 
8997 80136 391 1237.3 3304 0 0 0 0 0 0 0 0 3926 0 0 0 0 0 0 0 0 0 0 0 0 0 0 
8997 80316 571 1805.55 0 0 1048 0 0 0 0 0 1211 0 0 0 0 0 0 0 0 0 916 0 1323 0 0 0 
8997 80672 927 3025.92 0 0 0 0 0 0 0 0 0 0 0 0 0 0 0 1564 0 0 0 1758 0 0 0 0 
8998 81504 649 2217.61 0 0 0 0 0 0 0 0 0 0 0 0 0 0 0 709 0 0 0 685 0 0 0 0 
8999 82165 240 806.062 0 0 0 0 602 0 0 0 0 0 0 0 0 0 0 0 0 0 0 0 0 0 641 0 
8999 82352 427 1368.59 0 263 1311 0 0 0 0 0 0 0 0 2290 0 0 0 0 0 0 1074 0 837 0 0 0 
8999 82972 1047 3497.93 0 0 0 0 0 0 0 0 0 0 0 0 0 3817 3378 0 0 0 3845 0 0 2631 0 0 
9003 85870 238 806.901 0 531 0 0 0 0 0 0 0 0 0 518 0 0 0 0 0 0 0 0 0 0 0 0 
9004 87053 327 1051.04 0 0 0 4063 0 0 0 0 1329 0 0 0 0 1552 1569 0 0 0 0 0 0 0 0 0 
9004 87230 504 1696.99 0 0 0 0 0 0 0 0 0 0 0 0 0 0 0 529 0 0 0 501 0 0 0 0 
9005 88389 579 1966.92 0 0 0 0 0 0 447 0 0 0 0 0 0 0 0 3984 0 0 0 3967 0 0 0 0 
9008 89575 69 218.928 2868 0 0 0 0 0 0 0 358 1062 0 0 0 0 0 0 0 0 0 0 0 0 0 0 
9011 91711 14 50.3107 0 0 0 0 0 0 0 0 0 0 0 1645 3935 0 0 0 0 0 0 0 0 0 3457 0 
9012 92584 777 2728.89 0 0 0 0 0 1045 0 0 0 0 0 1895 325 0 0 0 0 0 881 0 0 440 837 0 
9012 92724 917 3159.61 0 0 0 0 0 0 0 0 0 0 0 0 747 0 0 0 0 0 1032 0 1187 0 0 0 
9013 92925 76 277.272 0 0 0 0 0 0 0 0 0 0 0 0 0 934 538 0 0 0 0 0 0 0 0 0 
9013 93827 978 3352.93 0 0 0 0 0 0 1510 0 0 0 0 0 0 0 0 4066 0 1958 0 4049 0 2098 0 0 
9013 93895 1046 3575.19 0 0 0 0 0 0 0 0 0 0 0 0 611 0 0 0 0 0 0 0 0 0 554 0 
9014 94210 304 1079.98 0 0 0 0 2040 0 0 0 0 0 975 0 0 0 0 0 0 0 0 0 0 0 0 0 
9014 94847 941 3330.95 0 0 0 0 0 0 0 0 0 0 0 0 0 0 0 506 0 0 0 651 0 0 0 0 
9016 96443 466 1519.59 0 1739 0 0 0 0 0 0 0 0 1320 0 0 0 0 0 0 1131 0 0 3569 0 0 0 
9016 96908 931 3010.03 0 0 0 0 0 0 0 0 0 0 0 0 0 549 533 0 0 0 0 0 0 0 0 0 
9017 97541 454 1566.76 0 0 0 0 0 0 0 0 0 0 0 0 0 606 597 0 0 0 0 0 0 0 0 0 
9018 98688 524 1794.21 0 0 0 0 0 0 0 741 0 0 0 0 0 0 0 0 3565 0 0 0 0 0 0 2048 
9019 99831 581 1941.37 0 0 0 0 0 0 0 0 0 0 0 0 0 0 0 0 0 824 0 0 1104 0 0 0 
9019 99939 689 2268.55 0 0 0 0 0 0 0 0 0 0 0 0 758 0 0 0 0 0 0 0 0 0 684 0 
9019 99960 710 2319.22 0 0 0 0 0 0 0 0 0 0 0 0 0 0 0 557 0 0 0 587 0 0 0 0 
9020 100340 11 37.5817 0 0 0 0 0 0 0 0 0 0 0 0 0 0 0 0 0 843 0 0 800 0 0 0 
9020 100895 566 1964.63 0 0 0 0 0 0 0 0 0 0 0 0 0 588 577 0 0 0 0 0 0 0 0 0 
9023 103591 8 46.1251 0 0 2145 0 0 0 0 0 1625 0 0 0 2154 0 0 0 0 0 0 0 0 0 1813 0 
9023 104281 698 2267.17 0 0 0 0 0 1398 0 0 0 1768 0 0 0 0 0 0 0 0 0 0 0 0 0 0 
9023 104325 742 2451.07 0 0 0 1304 0 0 0 514 0 0 0 0 0 0 0 0 0 0 0 0 0 0 0 0 
9025 106325 547 1890.49 0 764 0 0 0 0 0 0 1121 0 0 0 0 0 0 0 0 0 0 0 0 0 0 0 
9026 107148 295 986.347 0 0 0 0 0 0 1098 0 0 0 0 0 0 0 0 705 0 0 0 0 0 0 0 0 
9026 107583 730 2365.83 0 0 0 1506 0 0 0 0 950 0 0 0 0 0 0 0 0 0 733 0 0 880 0 0 
9027 108366 439 1406.9 0 0 0 0 0 0 0 0 0 0 0 0 736 0 0 0 0 0 0 0 0 0 953 0 
9029 110833 749 2517.53 0 0 0 0 0 0 0 0 0 0 0 0 0 0 0 0 0 956 0 0 681 0 0 0 
9029 111020 936 3171.91 0 0 0 0 2130 0 0 0 0 843 0 0 0 0 0 0 0 0 953 0 1524 0 0 0 
9030 111366 206 686.123 0 0 0 0 0 866 0 0 1093 0 0 0 0 0 0 0 0 0 0 0 0 0 0 0 
9030 111743 583 1911.57 0 0 0 0 1388 0 0 1277 0 0 0 0 0 0 0 0 0 0 1750 0 0 1345 0 0 
9030 111795 635 2113.97 0 0 0 902 0 0 0 0 1119 0 0 0 0 0 0 0 0 0 419 0 925 0 0 0 
9030 112173 1013 3391.54 0 0 0 0 1211 0 0 0 1351 0 0 0 0 3168 2803 0 0 0 0 0 0 0 0 0 
9031 112671 434 1389.19 0 0 0 0 1399 0 0 0 804 0 0 0 0 0 0 0 0 0 755 0 0 719 0 0 
9031 112806 569 1846.28 0 0 0 1375 0 0 0 0 0 0 1311 0 0 0 0 0 0 0 0 0 0 0 0 0 
9031 112835 598 1963.39 0 0 0 0 2107 0 0 0 0 0 0 2707 1514 0 0 0 0 0 0 0 0 0 1903 0 
9031 112952 715 2371.5 0 0 0 0 0 0 0 0 0 0 0 0 0 1172 1833 0 0 0 1920 0 0 1126 0 0 
9050 114066 184 519.447 0 0 0 0 0 0 0 0 0 0 0 0 0 2228 2993 0 0 0 862 0 0 1096 0 0 
9051 115296 1051 3154.29 0 0 0 0 0 0 0 0 0 0 0 0 0 0 0 0 3675 0 1296 0 0 647 0 4042 
9051 115352 1107 3330.28 0 0 0 0 0 0 0 0 538 524 0 0 0 0 0 0 0 0 0 0 0 0 0 0 
9052 115846 402 1287.37 0 0 0 0 0 0 0 0 0 0 0 527 0 0 530 0 0 0 0 0 0 0 0 0 
9052 115870 426 1348.66 0 0 0 2020 0 0 0 1167 0 0 0 0 0 0 0 0 3300 0 0 0 0 0 0 3972 
9053 117154 579 1683.4 0 0 0 0 0 814 0 0 0 1080 0 0 1000 0 333 0 0 0 106 0 0 0 1855 0 
9057 118110 236 667.557 994 0 0 0 0 0 0 0 1097 0 0 0 0 0 0 192 0 988 0 192 0 1091 0 0 
9058 118894 41 119.156 0 0 0 0 0 0 0 0 0 0 0 0 0 0 709 0 0 0 0 0 0 0 0 507 
9058 118912 59 178.86 0 0 0 0 0 0 0 0 0 0 0 0 0 2511 2304 4045 1888 0 0 1956 0 0 0 1633 
9059 119666 440 1359.33 0 345 0 353 283 601 512 401 602 342 406 714 352 0 0 0 0 314 0 189 0 0 233 0 
9059 119952 726 2245.05 0 0 0 0 0 0 0 591 0 0 0 0 0 0 0 0 0 0 0 525 0 0 0 0 
9060 120366 45 131.583 0 0 558 0 0 0 0 0 0 0 0 0 572 0 0 0 0 0 0 0 0 0 0 0 
9060 120620 299 982.492 0 0 0 0 0 0 0 0 0 0 0 0 0 0 0 633 0 0 0 593 0 0 0 0 
9063 123879 232 760.759 0 0 0 530 0 0 0 0 0 529 0 0 0 0 0 0 0 0 0 0 0 0 0 0 
9063 123968 321 1074.53 0 0 0 2323 0 0 0 0 0 0 1472 236 0 0 0 0 0 0 0 0 0 0 0 0 
9064 125403 664 2159.08 0 0 0 0 0 0 0 0 0 0 0 0 758 0 0 0 0 0 0 0 0 0 756 0 
9064 125638 899 2874.14 0 0 0 0 0 0 0 0 0 542 0 0 0 0 0 0 0 527 0 0 0 0 0 0 
9065 126279 422 1388.55 0 0 0 0 0 0 0 0 0 0 0 0 0 0 0 0 0 1530 0 0 604 0 0 0 
9066 128057 1079 3504.05 0 0 0 0 0 0 0 0 533 0 0 0 0 0 0 0 0 517 0 0 0 0 0 0 
9067 128799 708 2388.94 0 0 0 0 0 0 0 0 0 0 0 0 0 729 0 0 0 727 0 0 0 0 0 0 
9068 129557 364 1221.25 0 0 0 0 0 0 0 0 0 0 0 0 0 554 0 0 0 516 0 0 0 0 0 0 
9068 129845 652 2160.97 0 0 0 0 0 0 0 0 0 0 0 0 0 0 0 746 0 0 0 989 0 0 0 0 
9069 130632 391 1186.87 0 0 0 0 0 0 0 0 0 0 0 0 662 1862 2338 0 0 0 0 0 0 0 467 0 
9072 134220 558 1739.25 0 0 0 0 0 0 0 0 0 0 0 2114 0 0 0 0 0 1027 0 0 1199 0 0 0 
9072 134397 735 2333.45 0 0 381 288 1287 0 0 0 1462 653 0 0 0 0 0 0 0 0 0 2810 0 0 0 0 
9076 137832 112 390.304 0 0 0 0 1055 0 0 0 1405 0 0 0 0 2352 1948 0 0 0 0 0 0 0 0 0 
9077 137940 50 165.603 0 1472 0 0 0 0 0 0 0 1172 0 0 0 0 0 0 0 0 2351 0 0 725 0 0 
9079 138509 352 1124.25 0 0 0 0 0 0 0 0 0 0 0 0 0 0 0 0 0 574 0 0 597 0 0 0 
9101 139240 348 1172.01 0 0 0 0 0 0 0 0 0 0 0 0 0 3993 4068 0 0 0 924 0 0 1156 0 0 
9101 139766 874 2809.12 0 0 1057 0 0 0 0 0 0 1043 0 0 0 0 0 0 0 1020 0 0 0 811 0 0 
9101 139943 1051 3372.71 742 0 0 0 0 0 0 0 0 0 671 0 0 0 0 0 0 0 0 0 0 0 0 0 
9102 140216 204 655.776 0 0 0 1356 0 0 0 0 1200 0 0 0 0 0 0 0 0 906 0 0 1308 0 0 0 
9102 140399 387 1239.01 0 0 0 0 0 0 0 0 0 0 0 0 0 0 0 0 0 0 501 0 678 0 0 0 
9103 141378 233 811.435 0 0 0 0 0 0 0 0 0 0 0 0 0 0 0 1209 0 2393 0 3922 0 3922 0 0 
9103 142136 991 3330.47 0 0 0 0 0 0 586 0 0 0 0 0 0 0 0 0 0 713 0 0 0 0 0 0 
9104 142981 757 2368.25 0 0 612 0 0 0 0 0 687 0 0 0 0 0 0 0 0 0 0 0 0 0 0 0 
9107 145677 67 186.967 0 0 0 0 0 0 0 0 0 0 0 0 0 0 0 594 0 0 0 939 0 0 0 0 
9107 145979 369 1121.1 0 0 0 0 0 1153 0 0 0 0 0 1807 0 0 0 0 0 0 0 0 0 0 135 0 
9108 147241 450 1394.16 0 0 0 0 0 0 0 0 0 0 1149 0 0 0 0 0 0 502 0 0 0 0 0 0 
9108 147685 894 2821.58 1145 0 0 0 0 0 0 0 0 0 2184 0 0 0 0 0 0 1330 0 0 1078 0 0 0 
9109 148501 545 1773.47 0 0 0 0 0 1011 0 0 0 0 0 1519 0 0 0 0 0 2787 0 0 2108 0 0 0 
9110 149369 296 866.985 0 0 0 0 0 923 0 0 0 924 0 0 0 4014 284 0 0 0 1805 0 0 1801 0 0 
9110 150151 1078 3308.75 0 0 1771 0 0 0 0 0 0 911 0 0 0 0 0 0 0 0 0 0 0 0 0 0 
9110 150245 1172 3589.47 0 0 1100 0 0 0 0 0 0 0 0 1311 0 0 0 0 0 769 0 0 679 0 0 0 
9111 151099 849 2556.86 0 0 1086 0 0 0 919 0 989 0 0 0 0 0 0 0 2061 0 1108 0 1208 0 0 2889 
9111 151345 1095 3254.7 0 0 0 0 0 0 0 0 0 0 0 0 0 0 0 811 0 0 0 596 0 0 0 0 
9113 153486 879 2642.69 0 0 0 0 0 0 0 0 0 0 0 0 0 1009 734 0 0 0 0 0 0 0 0 0 
9115 155493 499 1665.16 0 0 0 0 0 0 0 0 0 0 695 0 0 0 0 0 0 1293 0 0 0 1001 0 0 
9115 155587 593 1934.61 0 0 0 0 0 0 0 0 0 0 0 0 0 4094 3475 0 1455 0 0 0 0 0 852 1472 
9116 156437 313 967.402 0 0 0 0 0 0 0 0 0 0 0 0 553 0 0 0 0 0 0 0 0 0 648 0 
9279 161853 283 862.589 0 0 0 0 0 0 0 0 0 0 0 0 0 0 0 721 0 0 0 610 0 0 0 0 
9280 163457 750 2445.84 0 0 822 803 0 0 0 0 0 0 0 1494 0 0 0 0 0 0 0 0 0 0 0 0 
9280 163517 810 2653.59 675 0 0 0 0 0 0 854 0 0 0 0 0 0 0 0 0 0 0 0 0 0 0 0 
9281 164340 527 1757.35 0 0 0 0 1489 0 0 0 0 1269 0 0 0 0 0 0 0 0 985 0 1594 0 0 0 
9283 166366 358 1118.37 0 0 0 0 0 0 0 0 0 0 0 0 0 550 0 0 0 651 0 0 0 0 0 0 
9283 166863 855 2678.8 0 0 0 0 1153 0 0 0 0 0 0 2058 0 0 0 0 0 0 0 0 0 0 0 0 
9284 167565 397 1323.68 0 0 0 1465 0 735 0 405 1116 0 0 0 0 0 0 0 0 1252 0 0 0 460 0 0 
9285 169013 762 2471.17 0 0 0 0 0 0 0 0 0 0 0 0 0 526 0 0 0 0 562 0 0 0 0 0 
9287 170698 247 813.268 0 0 0 0 0 0 0 0 0 0 0 0 0 0 0 570 0 0 0 858 0 0 0 0 
9288 171685 112 351.456 1268 0 0 0 0 0 0 0 1032 354 0 0 0 0 0 0 0 1260 0 0 0 877 0 0 
9288 172039 466 1463.41 0 0 0 0 0 0 0 0 0 0 0 0 916 0 0 0 0 0 0 0 0 0 752 0 
9288 172215 642 2028.04 0 0 0 0 0 0 0 0 0 0 0 0 2547 282 0 0 0 0 1452 0 0 927 2403 0 
9288 172324 751 2422.59 0 0 0 0 1908 0 0 0 0 0 3253 0 0 0 0 0 0 3920 3920 411 0 3920 0 0 
9289 172877 159 470.826 0 0 0 964 0 0 0 0 0 0 871 0 0 1840 0 0 0 0 0 0 0 0 430 0 
9291 175441 505 1541.64 0 0 0 0 0 0 0 0 0 0 0 0 0 0 0 0 3617 0 786 0 0 510 0 2902 
9291 175495 559 1737.71 0 0 0 0 1887 0 0 0 1710 0 0 0 0 0 0 0 0 0 0 843 0 0 0 0 
9291 175621 685 2156.42 0 0 0 0 1049 0 0 0 0 0 771 0 0 0 0 0 0 0 1481 0 1145 0 0 0 
9292 176507 447 1359.07 1173 0 0 0 0 0 0 0 613 1131 0 0 0 0 0 525 1683 0 0 3472 0 0 0 0 
9294 178509 181 607.285 0 0 0 0 2141 0 0 1600 0 0 0 0 0 0 0 0 0 0 1022 0 0 866 0 0 
9294 178529 201 665.484 0 0 0 0 0 0 0 0 0 0 0 0 0 0 0 772 0 0 0 575 0 0 0 0 
9294 179062 734 2372.91 0 0 0 0 0 0 0 0 0 0 0 0 0 535 505 0 0 0 0 0 0 0 0 0 
9294 179139 811 2636.51 0 0 0 0 0 0 0 0 0 0 0 0 0 0 0 0 0 1775 0 0 1707 0 0 0 
9295 179935 501 1593.69 0 0 0 0 0 1282 0 0 1111 0 0 0 0 657 1709 0 0 0 0 0 0 0 0 0 
9296 180847 285 973.511 0 0 0 0 0 0 0 0 0 0 0 0 0 0 0 551 0 0 0 501 0 0 0 0 
9296 181038 476 1588.36 0 0 0 0 0 0 0 0 0 709 0 0 0 0 0 0 0 0 4020 0 1436 0 0 0 
9296 181058 496 1652.66 0 0 0 0 0 0 0 0 0 0 0 0 525 0 0 0 0 0 0 768 0 0 0 0 
9296 181267 705 2305.25 0 0 1334 0 0 0 0 0 0 987 0 0 0 0 0 0 0 0 0 0 0 0 0 0 
9297 182489 810 2677.25 0 0 0 1720 1421 0 0 0 0 1105 0 0 0 0 0 0 0 1601 0 0 0 827 0 0 
9297 182532 853 2799.45 618 705 0 0 0 0 0 0 0 0 0 0 0 0 0 0 0 923 0 0 0 678 0 0 
9299 184452 545 1762.71 0 0 0 0 0 799 0 0 1170 0 0 0 0 0 0 0 0 0 0 0 0 0 0 0 
9303 189285 932 2931.1 0 0 0 0 0 0 0 0 0 0 0 0 739 0 0 0 0 620 0 0 0 0 0 0 
9303 189404 1051 3321.41 0 0 0 0 0 0 0 0 0 0 0 0 0 0 0 0 0 1369 0 0 575 0 0 0 
9304 189790 307 993.72 0 0 0 0 839 0 0 0 0 0 846 0 0 0 0 0 0 0 1222 0 859 0 0 0 
9304 190042 559 1787.67 0 1490 0 0 0 0 0 0 0 0 1141 0 0 0 0 0 0 952 0 0 1277 0 0 0 
9307 193274 361 1149.88 0 0 0 0 0 0 0 0 0 0 0 0 0 581 0 0 0 0 598 0 0 0 0 0 
9307 194025 1112 3556.16 0 0 1112 0 0 0 0 0 0 2095 0 0 0 0 0 0 0 0 953 0 0 707 0 0 
9308 194389 349 1091.91 0 0 0 0 0 0 0 0 0 0 0 0 0 550 707 0 0 0 0 0 0 0 0 0 
9310 196789 485 1486.24 0 0 0 0 0 0 589 0 0 0 0 0 570 0 0 0 0 0 0 0 0 0 0 0 
9310 197098 794 2574.89 0 0 0 0 0 0 0 0 0 0 0 0 0 0 0 0 0 843 0 0 0 688 0 0 
9311 197468 23 47.9252 0 0 0 0 0 0 0 210 0 0 0 0 0 0 0 0 3962 0 0 0 0 0 0 3962 
9311 197483 38 85.7325 0 0 0 0 924 0 0 237 0 0 0 0 0 0 0 0 0 0 892 0 0 883 0 241 
9311 197947 502 1631.5 0 0 0 0 0 0 3524 0 0 0 0 0 0 0 0 249 3987 0 896 0 1913 0 0 3987 
9313 199640 168 555.909 0 0 0 0 3879 569 0 0 0 0 0 3879 3879 0 0 0 0 0 0 0 878 0 0 0 
9313 199788 316 1067.9 0 0 0 0 0 0 0 0 0 0 0 0 0 0 0 615 0 0 0 556 0 0 0 0 
9314 201019 360 1161.63 0 0 0 0 0 1806 0 0 990 0 0 0 0 4009 4009 0 0 0 0 0 0 0 0 0 
9317 203116 9 34.7819 0 0 0 0 0 0 0 618 510 0 0 0 0 0 0 0 0 0 0 0 0 0 0 0 
9317 204198 1091 3533.23 0 0 0 0 0 0 0 0 0 0 0 0 538 0 0 0 0 0 0 0 0 0 571 0 
9319 205830 527 1646.36 0 0 0 0 0 1015 0 3142 0 0 0 0 0 3847 3646 0 0 0 0 0 0 0 0 0 
9320 207201 747 2424.29 0 0 0 0 0 0 1600 0 0 0 0 0 0 0 0 0 0 3228 0 1438 2993 0 0 0 
9320 207277 823 2673.76 0 0 0 0 0 0 0 0 0 0 0 0 0 0 0 546 0 0 0 535 0 0 0 0 
9321 207788 215 657.635 0 0 1053 0 0 0 0 0 796 0 0 0 0 0 0 0 0 1722 0 0 0 380 0 0 
9326 212337 114 378.194 0 0 0 261 1383 0 0 0 0 2209 0 0 0 3887 2642 0 0 0 0 0 0 0 0 0 
9326 213009 786 2665.2 0 0 1761 0 0 0 0 0 0 0 0 0 0 0 0 0 0 1414 0 0 0 784 0 0 
9326 213160 937 3116.45 1036 0 0 0 0 0 0 0 0 0 0 1168 0 0 0 0 0 0 0 0 0 0 0 0 
9327 213635 326 1042.12 0 0 0 0 0 0 0 0 0 0 0 0 0 0 0 714 0 0 0 656 0 0 0 0 
9327 214235 926 2947.5 0 0 0 0 0 0 0 0 0 0 0 0 0 0 0 541 0 0 0 523 0 0 0 0 
9328 215332 894 2868.53 0 0 0 0 0 0 0 0 0 0 0 0 2913 0 0 0 0 0 1162 0 1385 0 2569 0 
9329 216186 652 2136.32 0 1663 0 0 0 0 0 0 0 760 0 0 0 0 0 0 0 922 0 0 0 932 0 0 
9330 216648 201 638.156 0 0 0 0 0 0 0 0 0 0 0 554 555 0 0 0 0 0 0 0 0 0 0 0 
9330 216902 455 1456.69 0 0 0 0 0 0 0 0 0 0 0 0 0 517 659 0 0 0 0 0 0 0 0 0 
9334 220648 402 1226.02 0 0 0 0 0 0 0 0 0 0 0 0 537 0 0 0 0 0 0 519 0 0 0 0 
9334 220707 461 1416.43 0 0 0 0 0 0 0 0 0 0 0 0 0 0 0 0 0 853 0 0 0 580 0 0 
9335 222024 658 1956.9 0 0 0 0 0 564 0 0 0 0 0 0 0 0 0 0 0 542 0 0 0 0 0 0 
9337 223834 133 461.696 0 0 0 0 0 0 0 0 0 0 0 0 0 0 0 0 0 0 871 0 579 0 0 0 
9337 224357 656 2165.35 0 836 0 0 0 0 0 0 0 1709 0 0 0 0 0 0 0 1249 0 0 1044 0 0 0 
9338 225905 1100 3586.41 0 0 0 0 0 0 0 0 0 0 0 0 0 0 0 2278 0 1183 0 3596 0 608 0 0 
9339 226138 227 774.092 0 0 0 0 0 0 0 0 0 0 688 881 0 0 0 0 0 0 0 0 0 0 0 0 
9340 227392 354 1151.27 0 0 0 0 0 742 0 0 0 1401 0 0 0 3096 0 0 0 0 0 0 0 0 2110 0 
9341 228621 460 1465.63 0 0 0 899 0 0 604 0 0 0 0 0 0 0 0 0 0 0 0 0 0 0 0 0 
9341 229237 1076 3335.81 0 0 0 0 901 0 0 1752 0 0 0 0 0 0 0 0 0 0 926 0 0 736 0 0 
9342 229364 36 138.498 0 0 0 0 0 0 0 0 0 0 0 0 890 0 0 0 0 0 0 0 0 0 880 0 
9371 231003 150 508.561 0 0 0 0 0 0 0 0 0 0 0 0 0 0 0 508 0 0 0 537 0 0 0 0 
9372 232104 209 704.235 0 0 0 0 0 0 0 0 523 626 0 0 0 0 0 0 0 0 0 0 0 0 0 0 
9372 232396 501 1691.82 0 0 1484 0 0 0 932 0 0 0 0 0 0 0 0 4081 0 0 0 1986 0 0 0 0 
9372 232890 995 3266.71 0 0 0 0 0 0 0 0 0 0 0 0 0 739 512 0 0 0 0 0 0 0 0 0 
