9471 12 12 56.5627 0 0 0 0 0 0 0 0 0 0 0 0 630 0 0 0 0 547 0 0 0 0 0 0 0 0 0 0 0 0 0 0 
9471 154 154 545.24 0 0 597 0 0 0 0 0 0 0 503 0 0 0 0 0 0 0 0 0 0 0 0 0 0 0 0 0 0 0 0 0 
9472 1162 153 479.328 0 0 778 0 0 0 0 0 0 0 0 1340 0 0 0 0 0 0 0 0 0 0 0 0 0 0 0 0 0 0 0 0 
9472 1919 910 3055 0 0 0 0 0 0 0 0 0 0 0 0 0 531 564 0 0 0 0 0 0 0 0 0 0 0 0 0 0 0 0 0 
9472 1972 963 3229.76 4001 0 0 0 0 0 0 0 0 2966 0 0 0 0 0 0 0 1445 0 0 0 649 0 0 0 0 0 0 0 0 0 0 
9473 2819 741 2342.33 0 0 0 0 0 0 1080 0 0 0 0 0 0 0 0 846 0 1101 0 2516 1425 0 0 0 0 0 0 0 0 0 0 0 
9473 3068 990 3127.64 0 0 0 0 0 938 0 0 0 0 0 1818 0 0 0 0 0 0 0 0 0 0 0 0 0 0 0 0 0 0 0 0 
9475 4137 464 1583.44 0 0 0 0 0 1209 0 0 0 0 3851 248 425 648 367 0 1648 0 0 0 0 0 0 2223 0 0 0 0 0 0 0 0 
9476 5234 468 1498.08 0 0 1148 0 0 0 0 0 0 0 1235 0 0 0 0 0 0 0 1413 0 0 1839 0 0 0 0 0 0 0 0 0 0 
9476 5701 935 3014.73 0 0 0 0 0 664 0 0 0 0 0 1705 3634 0 0 0 0 0 0 0 0 0 1813 0 0 0 0 0 0 0 0 0 
9478 6969 138 503.253 0 0 1228 0 0 0 0 0 0 0 0 3104 0 0 0 0 0 0 3122 0 3972 0 0 0 0 0 0 0 0 0 0 0 
9479 7159 74 267.069 0 0 0 0 542 0 0 0 0 0 0 0 627 0 0 0 0 0 0 0 0 0 0 0 0 0 0 0 0 0 0 0 
9479 7797 712 2335.42 0 0 0 0 0 0 0 0 0 0 0 0 0 0 0 534 0 0 0 519 0 0 0 0 0 0 0 0 0 0 0 0 
9482 10130 745 2452.69 0 0 0 1398 0 0 0 0 0 0 1463 0 0 0 0 0 0 1026 0 0 1099 0 0 0 0 0 0 0 0 0 0 0 
9482 10154 769 2532.42 0 0 0 0 0 1301 0 0 1311 0 0 0 0 0 0 0 2640 0 0 0 0 0 0 2442 0 0 0 0 0 0 0 0 
9483 10521 49 171.825 0 0 0 0 0 0 1167 0 0 0 0 0 0 0 0 0 3831 0 794 0 0 685 0 3946 0 0 0 0 0 0 0 0 
9483 10915 443 1471.31 0 0 654 0 0 0 0 0 0 0 0 0 0 0 503 0 0 0 0 0 0 0 0 0 0 0 0 0 0 0 0 0 
9484 12151 637 2054.37 0 0 0 0 412 1647 0 0 1671 0 0 0 0 0 0 0 0 0 840 0 0 631 0 0 0 0 0 0 0 0 0 0 
9484 12153 639 2061.15 0 0 0 303 0 0 0 0 0 0 0 0 0 0 0 0 0 1063 0 0 738 0 0 0 0 0 0 0 0 0 0 0 
9485 13176 567 1896.62 0 0 0 0 0 0 0 0 0 0 2588 0 0 0 0 662 0 4063 453 634 4063 4063 0 0 0 0 0 0 0 0 0 0 
9485 13274 665 2204.81 0 0 0 0 0 0 0 0 0 0 0 0 0 0 0 0 0 0 715 0 852 0 0 0 0 0 0 0 0 0 0 0 
9486 13821 128 393.644 0 0 0 721 0 0 0 0 614 0 0 0 0 0 0 0 0 0 0 0 0 0 0 0 0 0 0 0 0 0 0 0 
9486 14026 333 1054.97 0 0 1065 0 0 0 0 0 1553 0 0 0 0 0 0 0 0 0 0 2304 0 869 0 0 0 0 0 0 0 0 0 0 
9536 15044 652 2178.17 0 0 0 0 0 0 0 0 0 0 0 0 0 0 0 1622 0 0 768 2105 0 1175 0 0 0 0 0 0 0 0 0 0 
9538 15913 266 887.835 0 1079 0 0 0 0 0 1086 0 0 0 0 0 0 0 2039 0 0 0 978 0 0 0 0 0 0 0 0 0 0 0 0 
9538 16348 701 2351.93 0 0 0 0 0 0 0 0 0 0 0 0 571 801 0 0 0 0 0 0 0 0 0 0 0 0 0 0 0 0 0 0 
9538 16675 1028 3453.76 0 0 0 2100 0 0 0 0 0 0 3534 0 0 0 0 0 0 0 667 0 817 0 0 0 0 0 0 0 0 0 0 0 
9539 17522 800 2733.35 1001 0 0 0 0 0 0 1190 0 0 0 0 0 0 0 3120 0 0 0 3780 0 0 0 0 0 0 0 0 0 0 0 0 
9540 17802 19 73.397 0 0 0 0 0 0 0 0 0 0 0 0 580 0 0 0 0 0 0 0 0 0 848 0 0 0 0 0 0 0 0 0 
9541 19021 158 586.329 0 0 0 0 0 0 0 0 0 0 0 0 0 0 0 0 0 2868 0 0 1153 0 0 0 0 0 0 0 0 0 0 0 
9542 19961 17 58.3783 0 0 0 0 0 0 910 0 0 0 0 0 0 0 0 0 0 1104 0 4020 0 744 0 0 0 0 0 0 0 0 0 0 
9542 20292 348 1147.57 0 0 0 0 977 0 0 1041 317 0 0 0 0 0 0 0 0 0 0 0 0 0 0 0 0 0 0 0 0 0 0 0 
9543 21128 131 447.686 0 0 0 0 0 0 0 0 0 0 0 0 0 0 0 656 0 0 0 502 0 0 0 0 0 0 0 0 0 0 0 0 
9543 21965 968 3177.05 0 0 0 1753 0 0 0 0 0 1583 0 0 0 1430 1973 0 0 0 0 0 0 0 0 0 0 0 0 0 0 0 0 0 
9544 22818 712 2323.13 1044 0 0 0 0 0 0 0 0 0 700 0 0 0 0 0 0 0 0 0 0 0 0 0 0 0 0 0 0 0 0 0 
9545 23365 184 629.306 0 672 0 0 0 0 0 0 0 1157 279 0 0 0 0 0 0 0 0 0 0 0 0 0 0 0 0 0 0 0 0 0 
9545 23525 344 1200.98 0 0 0 0 0 0 0 0 0 0 0 0 0 0 0 502 0 0 0 528 0 0 0 0 0 0 0 0 0 0 0 0 
9545 23939 758 2585.61 572 0 0 0 0 0 0 0 0 544 0 0 0 0 0 0 0 0 0 0 0 0 0 0 0 0 0 0 0 0 0 0 
9546 25115 863 2886.35 0 0 0 0 0 0 0 536 0 0 0 0 0 0 0 0 0 0 0 564 0 0 0 0 0 0 0 0 0 0 0 0 
9547 25997 648 2146.85 0 0 0 0 0 0 0 0 0 0 0 0 523 0 0 0 0 0 0 0 0 0 708 0 0 0 0 0 0 0 0 0 
9548 27454 1035 3433.38 0 0 0 0 0 0 0 0 744 669 0 0 0 0 0 0 0 0 0 0 0 0 0 0 0 0 0 0 0 0 0 0 
9548 27503 1084 3563.65 0 0 0 0 0 987 0 0 0 0 1433 0 0 0 0 0 0 3591 0 0 0 825 0 0 0 0 0 0 0 0 0 0 
9549 28552 1037 3550.3 0 933 0 0 0 0 0 0 0 932 0 0 0 0 0 0 0 1786 0 0 0 857 0 0 0 0 0 0 0 0 0 0 
9551 29842 208 704.905 0 0 0 0 1158 0 0 0 0 2471 0 0 0 0 0 0 0 0 0 0 0 0 0 0 0 0 0 0 0 0 0 0 
9551 30061 427 1405.36 0 0 0 0 0 0 0 0 0 0 0 0 0 613 506 0 0 0 0 0 0 0 0 0 0 0 0 0 0 0 0 0 
9551 30374 740 2410.2 0 0 0 0 0 1120 0 1489 0 0 0 0 0 0 0 0 2789 0 0 0 0 0 0 3937 0 0 0 0 0 0 0 0 
9552 31489 773 2529.67 0 0 907 0 0 0 0 0 0 0 0 0 0 0 0 3804 0 0 0 375 0 0 0 0 0 0 0 0 0 0 0 0 
9552 31495 779 2545.72 0 0 0 0 560 0 0 0 0 1100 0 0 325 0 0 0 0 0 1672 0 789 0 0 0 0 0 0 0 0 0 0 0 
9552 31574 858 2794.16 0 0 0 0 0 0 0 0 0 0 0 0 0 0 0 672 0 0 0 540 0 0 0 0 0 0 0 0 0 0 0 0 
9553 32307 498 1712.7 0 0 0 0 1147 0 0 0 1087 0 0 0 0 0 0 0 0 0 1068 0 0 736 0 0 0 0 0 0 0 0 0 0 
9554 32937 94 310.745 908 0 0 0 0 0 0 0 829 0 0 0 0 0 0 0 0 0 0 0 0 0 0 0 0 0 0 0 0 0 0 0 
9554 33249 406 1285.22 1029 0 0 0 0 0 0 0 0 0 1973 0 0 0 0 0 0 0 0 0 0 0 0 0 0 0 0 0 0 0 0 0 
9555 35015 1059 3546.39 0 0 0 0 0 0 0 0 0 0 0 0 0 0 567 0 0 528 0 0 0 0 0 0 0 0 0 0 0 0 0 0 
9556 35331 295 907.798 0 0 0 0 0 0 0 0 0 0 0 1883 0 0 0 0 0 1455 0 0 907 0 0 0 0 0 0 0 0 0 0 0 
9557 36315 169 529.25 0 0 0 0 0 0 0 0 0 0 0 0 544 0 0 0 0 0 0 0 0 0 577 0 0 0 0 0 0 0 0 0 
9557 36464 318 1051.37 0 0 0 0 1027 0 0 0 0 0 0 1080 0 0 0 0 0 2724 0 0 0 878 0 0 0 0 0 0 0 0 0 0 
9557 36855 709 2352.51 0 0 0 0 0 0 0 0 0 0 0 0 0 555 1015 0 0 0 0 0 0 0 0 0 0 0 0 0 0 0 0 0 
9557 36898 752 2524.52 0 0 371 0 0 0 0 0 0 0 0 0 0 0 0 0 0 2696 0 0 3962 0 0 0 0 0 0 0 0 0 0 0 
9557 37152 1006 3343.73 0 0 0 0 0 0 0 0 0 0 1428 0 0 0 0 0 0 0 0 1507 0 0 0 0 0 0 0 0 0 0 0 0 
9560 39471 23 63.3067 1208 0 0 0 0 0 0 0 0 0 1853 0 0 0 0 0 0 1443 0 0 817 0 0 0 0 0 0 0 0 0 0 0 
9560 40427 979 3286.94 0 0 0 802 506 0 0 0 0 0 0 0 0 0 0 0 0 0 0 0 0 0 0 0 0 0 0 0 0 0 0 0 
9561 40932 412 1346.62 0 0 4023 0 0 0 0 0 0 0 0 0 0 0 0 360 3958 0 0 3958 0 0 0 0 0 0 0 0 0 0 0 0 
9561 40996 476 1577.99 0 0 0 0 0 0 0 0 0 0 0 0 0 0 587 0 0 555 0 0 0 0 0 0 0 0 0 0 0 0 0 0 
9561 41135 615 2091.47 4072 0 0 0 0 0 0 4072 0 0 0 0 0 0 0 0 0 0 0 0 0 0 0 0 0 0 0 0 0 0 0 0 
9564 43107 345 1180.91 1396 0 0 0 0 0 0 1856 0 0 0 0 0 0 0 0 0 1329 0 0 968 0 0 0 0 0 0 0 0 0 0 0 
9564 43365 603 2013.6 0 0 0 2792 0 0 0 0 0 0 3503 0 0 0 0 0 0 0 0 0 0 0 0 0 0 0 0 0 0 0 0 0 
9564 43442 680 2263.38 0 0 0 0 0 0 0 0 0 0 0 0 0 0 0 0 0 0 1900 0 966 0 0 0 0 0 0 0 0 0 0 0 
9638 44460 598 1985.27 0 0 0 0 0 0 0 0 0 0 0 0 0 0 0 0 0 1020 0 0 0 1470 0 0 0 0 0 0 0 0 0 0 
9638 44553 691 2274.19 0 0 0 0 0 0 0 0 0 546 545 0 0 0 0 0 0 0 0 0 0 0 0 0 0 0 0 0 0 0 0 0 
9639 45789 848 2754.43 0 0 0 0 0 0 0 0 0 0 0 0 0 652 694 0 0 0 0 0 0 0 0 0 0 0 0 0 0 0 0 0 
9640 46753 714 2433.02 0 0 0 0 0 0 0 0 0 0 0 0 0 3195 0 0 0 0 1751 0 0 697 1472 0 0 0 0 0 0 0 0 0 
9640 46869 830 2825.03 0 0 2448 0 0 0 0 993 0 0 0 0 0 0 0 4049 0 0 0 3986 0 0 0 0 0 0 0 0 0 0 0 0 
9641 47298 195 591.783 1026 0 0 0 0 0 0 0 0 1050 0 0 0 0 0 0 0 0 1128 0 711 0 0 0 0 0 0 0 0 0 0 0 
9643 49984 650 2116.69 1699 0 0 0 0 0 0 1641 0 0 0 0 0 0 0 0 0 888 0 171 1942 0 0 0 0 0 0 0 0 0 0 0 
9643 50308 974 3177.57 0 1580 0 0 0 0 0 0 1341 0 0 0 0 0 0 964 4072 0 0 4072 0 0 0 0 0 0 0 0 0 0 0 0 
9645 51910 357 1220.14 0 0 0 0 0 0 1088 0 0 0 0 0 0 0 0 4045 0 1802 0 3982 0 864 0 0 0 0 0 0 0 0 0 0 
9645 52557 1004 3342.44 0 0 0 0 0 0 948 0 0 0 0 0 0 0 0 0 0 1091 0 142 0 888 0 0 0 0 0 0 0 0 0 0 
9646 53350 720 2368.61 0 0 0 0 0 0 0 0 0 0 0 0 0 0 0 0 0 1235 0 0 0 553 0 0 0 0 0 0 0 0 0 0 
9647 53831 91 307.122 0 0 0 0 0 0 0 0 0 0 0 0 0 793 511 0 0 0 0 0 0 0 0 0 0 0 0 0 0 0 0 0 
9647 54749 1009 3414.12 0 0 0 0 0 0 0 0 0 0 0 0 0 0 0 513 0 0 0 742 0 0 0 0 0 0 0 0 0 0 0 0 
9651 54919 42 137.8 0 0 0 0 0 0 0 0 0 0 0 0 0 564 573 0 0 0 0 0 0 0 0 0 0 0 0 0 0 0 0 0 
9654 55125 69 231.862 0 0 828 0 0 0 0 0 1379 526 0 0 0 0 0 0 0 0 2214 0 935 0 0 0 0 0 0 0 0 0 0 0 
9654 55388 332 1076.63 0 0 0 0 0 0 0 0 0 0 0 0 0 0 682 0 0 0 0 0 0 0 525 0 0 0 0 0 0 0 0 0 
9655 56591 1060 3558.19 0 0 0 1885 0 0 0 0 1121 0 0 0 0 0 0 0 0 0 1323 0 2872 0 0 0 0 0 0 0 0 0 0 0 
9656 57508 906 2939.98 0 0 0 1383 0 0 0 0 1553 0 0 0 0 0 0 0 0 2657 0 0 745 0 0 0 0 0 0 0 0 0 0 0 
9658 59821 1032 3346.09 0 0 0 0 0 0 0 0 0 0 0 0 0 0 0 0 0 0 1928 0 1808 0 0 0 0 0 0 0 0 0 0 0 
9658 59836 1047 3398.1 0 0 0 1576 0 0 0 0 1329 0 0 0 0 0 0 0 0 0 0 0 0 0 0 0 0 0 0 0 0 0 0 0 
9659 60025 120 379.878 0 764 0 0 0 0 0 645 0 0 0 0 0 0 0 0 0 0 0 0 0 0 0 0 0 0 0 0 0 0 0 0 
9659 60503 598 1946.07 0 0 0 0 0 0 0 0 0 0 0 0 0 0 634 0 0 0 0 503 0 0 0 0 0 0 0 0 0 0 0 0 
9660 61945 949 3107.37 0 851 0 0 0 0 0 0 1152 0 0 0 0 0 347 0 0 250 0 0 0 0 0 0 0 0 0 0 0 0 0 0 
9661 62780 675 2160.26 0 0 0 0 0 891 0 0 0 1017 0 0 0 0 0 0 0 0 571 0 562 0 0 0 0 0 0 0 0 0 0 0 
9662 63166 190 604.348 0 847 0 0 0 0 0 0 0 784 0 0 0 0 0 0 0 0 0 0 0 0 0 0 0 0 0 0 0 0 0 0 
9662 63997 1021 3329.12 0 0 1342 0 0 0 0 0 0 1615 0 0 1530 0 0 0 0 0 0 0 0 0 1612 0 0 0 0 0 0 0 0 0 
9663 64425 350 1122.01 445 0 0 0 0 0 1994 317 0 0 0 0 0 0 0 4083 0 203 2878 4020 4020 894 0 0 0 0 0 0 0 0 0 0 
9664 65150 20 71.2081 0 0 0 0 2133 0 0 0 0 1667 0 0 0 0 0 0 0 0 0 0 0 0 0 0 0 0 0 0 0 0 0 0 
9664 65341 211 723.359 0 0 1265 0 0 0 0 0 0 1257 0 0 0 0 0 0 0 0 999 0 0 1130 0 0 0 0 0 0 0 0 0 0 
9666 67670 374 1257.71 0 0 0 0 0 0 0 0 0 0 0 0 0 3861 3861 0 0 0 954 0 0 1045 0 0 0 0 0 0 0 0 0 0 
9666 68083 787 2683.09 0 0 0 0 0 0 0 0 0 0 0 0 0 0 0 0 0 1657 0 0 1027 0 0 0 0 0 0 0 0 0 0 0 
9667 68829 480 1590.6 0 0 0 0 0 0 0 335 0 0 0 0 0 0 0 3231 0 0 0 3898 0 0 0 0 0 0 0 0 0 0 0 0 
9674 69444 2 5.75296 0 0 0 0 0 0 890 0 0 0 0 0 0 0 0 0 3988 0 912 0 0 767 0 3988 0 0 0 0 0 0 0 0 
9711 69804 255 893.843 0 0 0 0 0 0 0 0 0 0 0 0 0 0 511 0 0 0 0 0 0 0 532 0 0 0 0 0 0 0 0 0 
9712 71653 1018 3463.77 0 0 0 0 0 0 649 0 0 0 0 0 0 0 0 0 3993 0 660 0 0 570 0 3993 0 0 0 0 0 0 0 0 
9713 72144 446 1506.65 0 0 0 0 0 0 0 0 0 0 0 0 0 0 0 4068 0 1633 0 3045 0 890 0 0 0 0 0 0 0 0 0 0 
9713 72693 995 3426.12 0 0 0 0 0 0 0 0 0 0 0 0 0 535 551 0 0 0 0 0 0 0 0 0 0 0 0 0 0 0 0 0 
9714 73097 351 1154.29 1040 0 0 0 0 0 0 0 0 0 0 1092 0 0 0 0 0 0 0 0 0 0 0 0 0 0 0 0 0 0 0 0 
9717 76037 39 122.028 1157 0 0 0 0 0 0 627 1070 0 0 0 0 0 0 2430 0 0 0 3320 0 0 0 0 0 0 0 0 0 0 0 0 
9717 76689 691 2157.31 0 0 0 0 0 0 0 0 0 0 0 0 0 567 665 0 0 0 0 0 0 0 0 0 0 0 0 0 0 0 0 0 
9719 78266 83 286.341 0 0 1372 0 0 0 314 3022 444 0 0 0 0 0 0 1892 0 0 0 1834 0 0 0 0 0 0 0 0 0 0 0 0 
9719 78450 267 923.17 0 0 0 0 0 1292 0 0 2056 0 0 0 0 272 558 0 3998 0 0 0 0 0 0 3998 0 0 0 0 0 0 0 0 
9720 79407 152 480.605 0 1097 0 0 0 0 0 0 0 1335 0 0 0 0 0 3858 0 0 0 4048 0 0 0 0 0 0 0 0 0 0 0 0 
9720 79975 720 2405.81 0 0 0 0 0 0 0 0 0 0 0 1278 0 0 0 0 0 1591 0 0 1505 0 0 0 0 0 0 0 0 0 0 0 
9721 80759 424 1438.77 0 0 0 1947 0 0 0 0 0 1297 0 0 0 0 0 0 0 1816 0 0 0 889 0 0 0 0 0 0 0 0 0 0 
9721 81313 978 3249.15 0 0 0 0 1130 0 0 0 0 0 1722 0 0 0 0 0 0 0 916 0 0 1084 0 0 0 0 0 0 0 0 0 0 
9723 82940 456 1424.33 2292 0 0 0 0 0 330 805 1914 1124 261 270 0 0 0 990 0 3795 133 627 2424 0 0 0 0 0 0 0 0 0 0 0 
9725 84137 487 1576.94 0 0 1155 0 0 0 0 0 0 0 1317 0 0 0 0 0 0 1019 0 0 830 0 0 0 0 0 0 0 0 0 0 0 
9726 84994 224 753.476 0 0 0 0 0 0 0 0 0 0 0 0 0 615 573 0 0 0 0 0 0 0 0 0 0 0 0 0 0 0 0 0 
9726 85040 270 903.175 0 0 0 1036 0 0 0 0 0 706 0 0 0 0 0 0 0 1172 0 0 0 670 0 0 0 0 0 0 0 0 0 0 
9726 85294 524 1670.13 0 0 0 0 0 551 0 0 0 0 540 0 0 0 0 0 0 0 0 0 0 0 0 0 0 0 0 0 0 0 0 0 
9766 86890 1016 3500.02 0 0 594 0 0 0 0 0 0 0 0 0 0 0 0 0 0 0 755 0 0 0 0 0 0 0 0 0 0 0 0 0 
9767 87294 367 1195.78 0 0 1901 0 0 0 0 0 1152 0 0 0 0 1624 2390 0 0 0 0 0 0 0 0 0 0 0 0 0 0 0 0 0 
9768 88948 933 2963.34 0 2707 382 0 0 0 0 0 0 720 3874 0 0 0 0 0 0 0 0 0 0 0 0 0 0 0 0 0 0 0 0 0 
9769 89740 601 1896.51 0 0 0 0 0 0 0 0 0 0 0 0 0 0 0 572 0 0 0 519 0 0 0 0 0 0 0 0 0 0 0 0 
9769 89968 829 2626.02 0 0 0 0 0 0 0 0 0 0 0 0 0 1502 1911 0 4052 0 0 0 0 0 0 4052 0 0 0 0 0 0 0 0 
9769 90159 1020 3198.59 313 0 0 0 0 0 0 0 0 848 0 0 0 0 0 0 0 1148 0 271 0 845 0 0 0 0 0 0 0 0 0 0 
9770 90774 517 1858.28 764 0 0 0 0 0 0 1136 0 0 0 0 0 0 0 2633 0 0 0 1562 0 0 0 0 0 0 0 0 0 0 0 0 
9771 91938 644 2144.75 0 0 0 0 0 0 0 0 0 0 0 0 2535 0 0 0 0 0 1232 0 914 0 288 0 0 0 0 0 0 0 0 0 
9771 92323 1029 3403.34 0 0 0 0 0 0 0 2032 0 0 0 0 0 0 0 3744 0 0 0 3964 0 0 0 0 0 0 0 0 0 0 0 0 
9773 93667 199 654.21 0 0 0 0 0 0 0 0 0 0 0 0 0 0 0 930 0 0 0 530 0 0 0 0 0 0 0 0 0 0 0 0 
9773 94138 670 2182.79 0 0 0 0 0 0 0 0 0 0 0 0 0 0 0 0 0 760 0 0 1001 0 0 0 0 0 0 0 0 0 0 0 
9774 95011 464 1559.64 0 0 0 0 0 0 0 0 0 0 0 0 0 0 0 0 0 0 1276 0 1776 0 0 0 0 0 0 0 0 0 0 0 
9774 95137 590 1971.96 0 0 0 0 0 0 0 0 2198 419 0 0 0 0 0 213 0 1436 0 148 0 919 0 0 0 0 0 0 0 0 0 0 
9775 95748 109 330.291 0 961 0 0 0 0 0 0 0 0 1169 0 0 0 0 0 0 1254 0 0 0 547 0 0 0 0 0 0 0 0 0 0 
9776 97049 291 966.051 0 0 0 1253 0 0 641 0 0 0 0 0 0 0 0 0 0 0 0 0 0 0 0 0 0 0 0 0 0 0 0 0 
9777 98899 1032 3449.63 0 0 0 0 0 0 0 0 0 0 0 0 0 519 597 0 0 0 0 0 0 0 0 0 0 0 0 0 0 0 0 0 
9779 100380 323 1051.03 0 0 2645 0 0 0 0 0 0 0 0 1467 0 0 0 0 0 1379 0 0 1319 0 0 0 0 0 0 0 0 0 0 0 
9779 101146 1089 3545.45 0 0 0 0 0 0 0 0 0 0 0 0 0 661 561 0 0 0 0 0 0 0 0 0 0 0 0 0 0 0 0 0 
9815 101438 274 992.751 0 0 0 0 0 1352 0 3609 0 0 0 0 0 0 0 0 0 0 859 0 1015 0 0 0 0 0 0 0 0 0 0 0 
9816 103042 807 2660.68 0 0 1545 0 0 0 347 3035 0 0 0 0 0 1551 1302 0 0 0 0 0 0 0 0 0 0 0 0 0 0 0 0 0 
9817 103506 160 524.329 0 0 1884 0 0 0 0 0 0 0 1221 0 0 0 0 0 1111 0 0 0 0 0 0 1254 0 0 0 0 0 0 0 0 
9817 103947 601 2027.07 0 0 0 0 0 0 0 0 0 0 0 0 0 3011 1075 0 2230 0 0 0 0 0 0 2019 0 0 0 0 0 0 0 0 
9818 105128 714 2450.82 0 0 0 0 0 0 0 0 0 0 0 0 4046 0 0 0 0 0 0 0 0 0 3988 0 0 0 0 0 0 0 0 0 
9818 105454 1040 3595.51 0 0 0 0 0 0 0 0 0 0 0 0 0 0 0 676 0 0 0 651 0 0 0 0 0 0 0 0 0 0 0 0 
9819 105766 308 1081.71 0 0 0 0 0 0 0 0 0 0 0 0 585 0 0 0 0 0 0 0 554 0 0 0 0 0 0 0 0 0 0 0 
9820 106965 436 1454.72 0 0 0 0 0 0 0 0 0 0 0 0 0 0 549 0 0 510 0 0 0 0 0 0 0 0 0 0 0 0 0 0 
9823 107814 216 731.156 0 0 0 0 0 0 0 0 0 0 0 0 344 0 579 0 0 0 0 0 0 0 505 0 0 0 0 0 0 0 0 0 
9823 108400 802 2685.35 0 0 0 0 1449 0 1066 0 0 0 0 0 0 0 0 0 2585 0 0 0 0 0 0 0 0 0 0 0 0 0 0 0 
9825 110634 865 2769.01 0 0 0 2249 249 0 0 0 386 0 0 0 0 0 0 0 0 1104 0 0 864 0 0 0 0 0 0 0 0 0 0 0 
9828 113748 667 2241.1 0 0 1243 0 0 0 0 1052 0 0 0 0 0 0 0 0 0 890 0 0 1057 0 0 0 0 0 0 0 0 0 0 0 
9828 113783 702 2366.04 0 0 0 0 861 0 0 0 0 0 0 0 0 3865 3399 0 396 0 1932 0 0 2505 0 0 0 0 0 0 0 0 0 0 
9828 113959 878 2908.12 0 0 0 0 0 1616 1837 1843 0 0 0 0 0 0 0 0 3883 0 0 0 0 0 0 3883 0 0 0 0 0 0 0 0 
9829 114633 481 1588.3 0 0 0 0 0 0 0 0 516 676 0 0 0 0 0 0 0 0 0 0 0 0 0 0 0 0 0 0 0 0 0 0 
9830 115458 208 735.935 0 0 0 0 0 0 715 0 0 0 0 0 0 0 0 0 0 0 0 1262 0 0 0 0 0 0 0 0 0 0 0 0 
9830 115925 675 2222.89 0 0 0 3150 0 0 0 1096 0 0 0 0 0 0 0 0 0 1160 0 0 0 2121 0 0 0 0 0 0 0 0 0 0 
9831 116400 76 240.108 0 0 0 0 0 0 0 0 0 0 0 1012 0 0 0 0 0 1405 0 0 668 0 0 0 0 0 0 0 0 0 0 0 
9847 118098 722 1983.59 0 0 601 0 0 0 0 0 0 0 0 0 0 0 0 0 0 781 0 0 0 0 0 0 0 0 0 0 0 0 0 0 
9848 118940 287 765.618 0 0 0 0 0 0 0 0 0 0 0 0 0 0 0 3258 0 3270 0 1801 0 3213 0 0 0 0 0 0 0 0 0 0 
9848 119099 446 1211.04 797 0 0 0 0 0 0 0 0 0 0 0 0 0 0 2561 0 0 0 0 0 0 0 0 0 0 0 0 0 0 0 0 
9851 119990 65 205.067 0 0 0 0 0 0 0 0 0 0 0 0 0 0 538 0 778 0 0 0 0 0 0 0 0 0 0 0 0 0 0 0 
9852 121379 160 484.654 0 1716 0 257 0 0 3092 0 0 0 0 0 0 0 0 0 0 0 0 909 0 0 0 0 0 0 0 0 0 0 549 126 
9852 122260 1041 2901.47 0 0 0 0 0 959 0 0 0 1653 0 0 0 0 0 0 0 1279 0 0 1034 0 0 0 0 0 0 0 0 0 0 0 
9853 122457 41 128.749 0 0 0 0 0 0 1007 0 0 0 0 0 0 0 0 0 3845 0 3388 0 0 3510 0 3845 0 0 0 0 0 0 0 0 
9853 122740 324 913.678 0 1303 0 0 0 0 0 0 0 1617 0 0 0 0 0 0 0 495 0 1643 0 1066 0 0 0 0 0 0 0 0 0 0 
9853 123475 1059 3060.29 0 797 0 0 0 0 0 0 1062 0 0 0 0 0 0 0 0 1106 0 0 802 0 0 0 0 0 0 0 0 0 0 0 
9857 124489 817 2263.17 538 2219 0 0 0 0 0 0 1896 0 0 0 0 0 0 0 0 0 0 0 0 0 0 0 0 0 0 0 0 0 3850 3832 
9858 125193 244 805.637 0 0 0 0 0 0 0 0 0 0 0 0 882 0 0 0 0 0 0 0 0 0 542 0 0 0 0 0 0 0 0 0 
9858 125294 345 1107.14 0 0 0 0 0 1115 0 0 0 0 665 0 0 0 0 0 0 0 2026 0 0 2454 142 0 0 0 0 0 0 0 0 0 
9858 125396 447 1375.61 0 0 0 0 0 0 0 0 0 0 0 0 4007 0 0 0 0 0 1006 0 1009 0 3951 0 0 0 0 0 0 0 0 0 
9858 126032 1083 3209.58 0 0 0 0 0 0 0 0 0 0 0 0 0 0 0 0 0 0 0 0 0 0 0 0 0 0 0 0 0 0 504 842 
9858 126152 1203 3533.19 0 0 0 0 0 0 0 0 0 0 0 0 0 0 0 0 0 0 0 0 0 0 0 0 0 0 0 0 0 0 543 523 
9859 126462 288 831.191 0 0 405 0 0 0 1660 0 0 0 0 0 0 450 0 336 3893 0 973 1087 0 898 0 3893 0 0 0 0 0 0 0 0 
9859 127051 877 2505.15 0 0 0 0 0 0 0 0 0 0 0 0 3864 0 319 0 0 0 0 0 0 0 4060 0 4060 4060 0 0 0 0 0 0 
9859 127316 1142 3247.21 0 0 0 0 0 0 0 867 0 0 0 0 0 0 0 3691 0 0 0 4047 0 0 0 0 0 0 0 0 0 0 0 0 
9861 129135 462 1284.58 0 0 0 0 0 0 0 0 0 0 0 0 0 0 0 0 0 0 0 0 0 0 0 0 0 0 0 0 0 0 1103 726 
9863 131717 493 1411.7 0 0 0 0 0 1122 0 0 0 0 0 2436 0 0 0 0 0 0 0 0 0 0 3929 0 3783 0 0 0 0 0 0 0 
9863 131928 704 1980.85 0 0 552 0 0 0 0 0 0 0 0 0 0 0 0 0 0 0 0 0 0 0 0 0 0 665 0 0 0 0 0 0 
9864 132819 327 920.003 3889 0 0 0 0 0 0 3889 0 0 0 0 0 0 0 0 0 1545 0 0 0 771 0 0 0 0 0 0 0 0 4085 923 
9864 132937 445 1234.43 501 0 0 0 0 0 0 0 0 0 0 579 0 0 0 0 0 0 0 0 0 0 0 0 0 0 0 0 0 0 0 0 
9864 133695 1203 3485.08 0 0 1230 0 0 0 0 1116 0 0 0 0 0 0 0 0 0 0 810 0 774 0 0 0 0 0 0 0 0 0 0 0 
9865 134440 699 1875.56 0 0 0 0 0 0 0 0 0 0 507 0 0 0 0 0 0 0 0 0 0 0 0 0 0 0 0 0 0 535 0 0 
9865 134681 940 2585.68 0 0 0 0 913 0 0 0 2533 0 0 0 0 0 0 0 0 0 542 0 0 591 0 0 0 0 0 0 0 0 0 0 
9866 135532 459 1327.14 0 0 0 0 0 0 0 0 0 0 0 604 0 656 0 0 0 0 0 0 0 0 0 0 0 0 0 0 0 0 0 0 
9866 135573 500 1430.33 0 0 0 0 0 0 1902 0 0 0 0 0 0 0 0 305 0 1343 0 2927 1404 0 0 0 0 0 0 983 0 0 0 0 
9867 136736 391 1136.49 0 0 0 0 0 0 971 0 0 0 0 0 0 0 0 4002 0 1623 0 3946 0 1406 0 0 0 0 0 0 0 0 0 0 
9867 137062 717 2083.5 0 0 0 250 2536 359 0 0 3928 0 0 0 0 0 0 0 0 0 0 0 0 0 0 0 1185 1544 0 0 0 0 0 0 
9868 138149 547 1435.36 0 0 0 0 0 0 0 0 0 0 0 0 0 695 0 0 0 0 0 0 0 0 0 0 0 0 0 0 0 0 779 0 
9869 139127 231 702.066 0 0 0 1244 0 0 0 0 1229 0 0 0 0 0 0 0 4074 0 0 0 0 0 0 4074 0 0 0 0 0 0 0 0 
9870 140617 543 1579.33 0 0 0 0 0 0 0 0 0 0 0 0 0 541 557 0 0 0 0 0 0 0 0 0 0 0 0 0 0 0 0 0 
9870 141149 1075 3167.49 0 0 0 0 0 0 0 0 0 0 0 0 0 0 0 0 1755 0 676 0 0 658 0 1403 0 0 0 0 0 0 0 0 
9871 142135 838 2458.18 0 0 0 0 0 0 0 0 0 0 0 0 0 638 0 0 0 0 0 0 0 0 0 0 0 0 0 0 0 0 0 563 
9871 142206 909 2671.36 0 0 0 0 0 0 0 0 0 0 0 0 0 0 567 0 0 0 0 0 0 0 0 0 0 0 0 0 0 0 589 0 
9871 142346 1049 3080.83 0 0 0 0 0 0 0 0 0 0 0 0 0 731 714 0 0 0 0 0 0 0 0 0 0 0 0 0 0 0 0 0 
9872 142641 105 317.176 0 0 0 0 0 0 0 910 0 0 0 0 0 0 0 0 0 1738 0 0 1128 0 0 0 0 0 0 0 0 0 0 0 
9872 143649 1113 3150.72 1436 0 0 0 0 0 0 1777 0 0 0 0 0 0 0 0 0 0 0 0 0 0 0 0 0 0 0 0 0 0 2743 3232 
9873 144705 900 2629.02 0 0 0 0 0 0 0 0 0 0 0 0 0 0 0 0 0 1707 0 0 0 1089 0 0 0 0 0 0 0 0 1524 2604 
9873 144905 1100 3207.88 0 0 0 0 0 0 0 0 0 0 0 0 0 2197 2121 0 0 0 1192 0 0 3002 0 0 0 0 0 0 0 0 0 0 
9874 145935 884 2509.8 0 0 0 0 0 0 0 0 0 0 0 0 0 0 530 0 0 0 0 0 0 0 0 0 0 0 0 0 0 0 543 0 
9875 147074 755 2223.38 2262 330 0 0 0 0 386 220 2097 371 0 0 0 0 0 0 0 615 0 165 0 0 0 0 0 0 0 0 3937 3937 3937 3937 
9876 148375 813 2502.73 0 0 0 0 0 0 0 0 0 0 0 0 0 0 0 542 0 0 0 530 0 0 0 0 0 0 0 0 0 0 0 0 
9876 148380 818 2509.19 0 0 0 0 0 0 0 0 0 546 0 0 511 0 0 0 0 0 0 0 0 0 0 0 0 0 0 0 0 0 0 0 
9878 149925 860 2372.99 1431 0 0 0 0 0 0 0 777 0 0 0 0 0 0 0 0 0 0 0 0 0 0 0 0 0 0 0 0 247 3858 3858 
9879 150795 471 1269.97 1234 0 0 0 0 0 0 0 0 0 0 0 0 0 0 0 0 1045 0 0 0 643 0 0 0 0 0 0 0 0 0 0 
9881 152843 12 38.397 0 0 0 529 0 0 0 0 0 0 0 0 0 0 0 0 0 0 0 0 0 0 0 0 0 0 0 0 0 0 521 176 
9884 155224 735 2213.05 0 0 1002 0 0 0 0 0 0 895 0 0 0 0 0 0 0 0 702 0 583 0 0 0 0 0 0 0 0 0 0 0 
9886 157352 415 1177.36 1160 0 0 0 0 0 0 0 1466 0 0 0 0 0 0 0 0 0 919 0 0 1564 0 0 0 0 0 0 0 0 0 0 
9886 158124 1187 3392.75 0 0 0 0 0 0 0 0 538 556 0 0 0 0 0 0 0 0 0 0 0 0 0 0 0 0 0 0 0 0 0 0 
9887 158708 520 1520.15 0 0 0 0 0 0 0 0 0 0 0 0 0 0 518 0 0 769 0 0 0 0 0 0 0 0 0 0 0 0 0 0 
9888 160673 1233 3527.43 0 0 0 0 0 0 0 0 0 0 0 0 0 0 0 0 0 0 869 0 1712 0 0 0 3941 773 0 3505 0 0 0 0 
9889 160740 42 125.931 0 0 0 1584 302 0 0 0 0 1229 0 0 0 0 0 0 0 0 0 0 0 0 0 0 1575 1982 0 0 0 0 0 0 
9889 161506 808 2337.96 0 0 0 0 0 0 0 0 0 1244 0 0 0 0 0 0 0 982 0 0 0 724 0 0 0 0 0 0 3864 0 201 3864 
9889 161890 1192 3444.22 0 0 1376 0 0 0 0 0 747 0 0 0 0 0 0 0 2383 0 0 0 0 0 0 2004 0 0 0 0 0 0 0 0 
9890 162680 735 2113.16 0 0 0 0 0 0 0 0 0 0 0 0 0 0 0 0 0 3627 0 0 0 1228 0 0 0 0 0 0 0 0 3950 3950 
9892 164517 113 392.404 0 0 0 0 0 0 0 0 0 0 0 0 0 0 0 0 0 1116 0 0 873 0 0 0 1658 1230 0 0 0 0 0 0 
9892 164855 451 1384.42 0 0 0 0 0 0 0 0 0 0 0 0 0 0 0 794 0 0 0 583 0 0 0 0 0 0 0 0 0 0 0 0 
9892 165363 959 2819.81 0 961 0 0 0 0 0 0 0 0 0 0 0 0 0 4094 0 0 0 4038 0 0 0 0 0 0 0 0 0 0 0 0 
9893 165653 30 77.0114 0 0 0 0 1194 0 0 0 0 0 0 0 0 0 0 0 0 1556 0 0 0 820 0 0 0 0 0 0 0 0 0 0 
9895 168384 196 583.393 0 0 0 0 1581 0 0 0 1608 0 0 0 0 0 0 0 0 1416 0 0 0 936 0 0 0 0 0 0 0 0 0 0 
9895 168658 470 1349.29 0 0 0 0 0 304 1308 0 0 0 0 0 0 0 0 0 2793 0 0 0 0 0 0 0 0 0 0 0 0 0 0 0 
9895 168905 717 2071.92 0 0 0 0 0 0 0 0 0 0 0 0 1596 0 0 0 0 0 1652 0 0 1066 2830 0 0 0 0 0 0 0 0 0 
9895 169003 815 2314.15 0 0 0 0 0 0 0 0 0 0 0 0 0 0 0 538 0 0 0 0 0 0 0 0 0 0 0 0 0 0 501 0 
9896 169850 411 1174.81 0 0 0 0 0 0 0 0 0 0 0 0 0 0 0 0 0 880 0 0 908 0 0 0 0 0 2135 2973 0 0 0 0 
9896 170637 1198 3390.98 0 0 0 0 0 0 0 0 0 0 0 895 0 0 0 0 0 0 794 0 875 0 0 0 4053 0 0 0 0 0 0 0 
9897 171788 1057 3097.31 0 0 0 0 0 0 0 0 0 0 0 0 517 0 0 0 0 0 0 0 0 0 0 0 0 0 0 0 0 0 0 528 
9898 173111 1137 3267.17 0 1466 0 0 0 0 0 0 1336 0 0 0 0 0 0 1170 0 0 0 1866 0 0 0 0 0 0 0 0 0 0 0 0 
9898 173161 1187 3431.29 0 0 508 512 0 0 0 0 0 0 0 0 0 0 0 0 0 0 0 0 0 0 0 0 0 0 0 0 0 0 0 0 
9900 175661 1195 3440.73 0 1250 0 0 0 0 0 0 0 0 0 1378 0 0 0 0 0 0 0 0 0 0 0 0 0 0 439 0 3463 2412 0 0 
9900 175682 1216 3496.27 0 0 0 0 0 0 0 0 0 0 0 0 0 0 0 0 0 0 0 0 0 0 0 0 0 0 0 0 0 0 964 597 
9901 175848 132 399 0 0 0 0 2318 0 0 0 0 0 1366 0 0 0 0 0 0 2363 0 0 1176 0 0 0 0 0 0 0 0 0 0 0 
9901 176097 381 1095.04 0 0 0 0 0 0 0 0 0 0 0 0 0 0 0 0 0 922 0 0 994 0 0 0 0 0 0 0 2165 1291 0 0 
9904 180002 461 1218.85 0 1026 0 0 0 0 0 0 0 0 1288 0 0 0 0 0 0 0 0 0 0 0 0 0 0 0 0 0 4009 4009 0 0 
9905 181511 695 2004.89 0 0 0 0 0 0 1124 0 0 0 0 0 0 0 0 4068 0 1170 0 4012 0 856 0 0 0 0 0 0 0 0 0 0 
9909 184492 292 805.038 0 0 0 0 0 0 0 0 0 0 0 0 0 3859 3859 0 0 0 764 0 813 0 0 0 0 0 0 0 0 0 0 0 
9911 187636 965 2776.8 0 0 0 0 0 0 0 0 0 0 0 0 0 0 0 0 0 0 0 0 0 0 0 0 0 0 3935 3935 1420 1344 0 0 
