9374 1150 403 1319.97 0 0 0 1218 0 0 0 0 0 0 0 1360 761 0 0 0 0 0 0 0 293 0 0 0 
9374 1168 421 1380.91 0 0 0 1145 0 0 0 805 0 0 0 0 0 0 0 0 3903 0 0 0 0 0 0 3317 
9397 1609 26 94.0787 1177 0 0 0 0 0 0 0 0 929 0 0 0 0 0 0 0 1047 0 0 0 1606 0 0 
9397 2241 658 2101.61 0 0 0 0 1125 0 0 4018 0 0 0 0 0 0 0 0 0 3196 0 0 2361 856 0 0 
9397 2484 901 2894.69 0 0 0 0 0 0 0 0 0 0 0 0 0 509 590 0 0 0 0 0 0 0 0 0 
9398 2926 225 726.023 0 0 0 0 0 0 0 0 0 0 0 0 0 569 515 0 0 0 0 0 0 0 0 0 
9399 4663 832 2742.25 0 0 0 0 0 0 0 0 0 0 0 0 0 0 0 0 1236 0 560 0 0 1031 0 2358 
9400 5632 710 2369.27 0 0 0 0 0 0 0 0 0 0 0 0 0 0 0 741 0 0 520 0 0 0 0 0 
9401 6001 8 25.6855 0 810 0 0 0 0 927 0 0 0 0 0 0 0 0 0 0 0 0 0 0 0 0 0 
9422 7519 603 1951.69 0 0 0 0 0 0 0 0 0 0 0 0 0 775 522 0 0 0 0 0 0 0 0 0 
9423 8207 168 483.587 0 0 0 0 0 0 0 0 0 0 0 0 3457 0 0 0 0 0 0 0 1013 0 0 0 
9425 9217 5 12.8147 0 0 0 0 0 1260 0 0 1717 0 0 0 0 556 2161 0 0 0 0 0 0 0 0 3840 
9425 9468 256 831.957 0 0 0 0 0 0 0 0 0 0 0 0 0 0 0 508 0 502 0 0 0 0 0 0 
9427 11957 519 1707.28 0 0 0 0 0 0 0 0 0 505 0 0 0 378 0 565 0 0 0 0 0 0 0 0 
9428 13006 460 1554.6 0 0 1084 0 0 0 0 0 0 0 1614 0 0 0 0 0 0 0 0 0 0 0 0 0 
9428 13103 557 1862.04 0 0 1107 0 0 0 0 0 0 0 2380 0 3416 214 0 0 0 0 0 0 2162 0 1128 0 
9429 14427 761 2580.96 0 0 804 0 0 0 0 0 0 0 0 3916 0 0 0 0 0 0 0 0 0 0 0 0 
9431 15033 253 830.558 0 0 2074 0 0 0 0 0 1831 0 0 0 0 0 0 0 3992 0 0 0 0 0 0 3614 
9431 15726 946 3089.79 0 0 0 0 0 3876 0 0 0 2628 260 0 0 0 0 0 0 0 1262 0 0 1233 0 0 
9433 17075 80 249.011 0 0 0 0 0 0 0 0 0 0 0 0 0 0 0 0 0 0 560 0 0 599 0 0 
9433 17842 847 2697.69 0 0 1421 0 0 0 0 0 1407 0 0 0 0 0 0 0 0 0 0 0 0 0 0 0 
9433 18083 1088 3524.73 1090 0 0 0 0 0 832 0 0 0 0 0 0 0 0 0 0 0 0 0 0 0 0 0 
9434 19154 1045 3384.45 1012 0 302 0 0 0 0 0 0 781 0 0 0 0 0 0 0 1204 0 0 969 0 0 0 
9435 19583 368 1130.33 0 0 0 1667 0 0 0 0 0 0 744 0 0 0 0 0 0 163 1121 0 0 518 0 0 
9435 19825 610 1953.53 0 0 0 1561 0 0 0 0 1114 0 0 0 0 0 0 0 0 3384 0 0 3618 0 0 0 
9435 19914 699 2250.08 0 0 0 0 0 0 0 0 0 0 0 0 0 3969 3969 0 0 0 1333 0 0 998 0 0 
9436 20358 24 65.5008 0 0 0 0 0 0 0 0 0 0 0 0 0 1991 0 0 0 0 782 0 0 0 1769 0 
9436 21204 870 2845.98 0 0 0 0 0 0 0 0 0 0 0 0 0 0 0 0 0 766 0 126 0 809 0 0 
9437 22112 670 2186.04 0 0 2017 0 0 0 1365 0 0 0 0 0 0 0 0 0 0 0 0 0 0 0 0 0 
9437 22381 939 2983 0 0 0 0 0 0 0 0 0 0 0 0 0 0 0 0 0 1127 1515 0 1832 0 0 0 
9438 22971 414 1345.65 0 0 0 0 0 0 0 0 0 0 0 0 0 238 670 0 0 0 0 0 0 0 687 0 
9438 23342 785 2631.47 0 0 0 0 0 0 0 0 0 0 0 0 0 746 0 0 0 691 0 0 0 0 0 0 
9439 23771 135 457.301 0 0 0 0 0 0 0 0 0 0 0 0 0 0 0 0 0 0 782 0 0 624 0 0 
9440 24736 394 1325.33 0 0 0 0 0 0 3353 0 0 0 0 0 0 0 0 0 3859 0 1306 0 0 1259 0 3859 
9443 26162 26 96.2119 0 0 0 0 0 0 0 0 0 0 0 0 0 2790 0 0 0 0 2187 0 1327 0 2476 0 
9443 26207 71 252.634 0 604 0 0 0 0 0 0 0 0 1922 0 0 0 0 0 0 841 0 0 857 0 0 0 
9470 27690 892 3032.75 0 0 0 0 1490 0 0 0 0 0 0 2006 0 0 0 0 0 2109 0 0 4034 0 0 0 
9471 27850 12 56.5627 0 0 0 0 0 0 0 0 0 0 0 0 630 0 0 0 0 547 0 0 0 0 0 0 
9471 27992 154 545.24 0 0 597 0 0 0 0 0 0 0 503 0 0 0 0 0 0 0 0 0 0 0 0 0 
9472 29000 153 479.328 0 0 778 0 0 0 0 0 0 0 0 1340 0 0 0 0 0 0 0 0 0 0 0 0 
9472 29757 910 3055 0 0 0 0 0 0 0 0 0 0 0 0 0 531 564 0 0 0 0 0 0 0 0 0 
9472 29810 963 3229.76 4001 0 0 0 0 0 0 0 0 2966 0 0 0 0 0 0 0 1445 0 0 0 649 0 0 
9473 30657 741 2342.33 0 0 0 0 0 0 1080 0 0 0 0 0 0 0 0 846 0 1101 0 2516 1425 0 0 0 
9473 30906 990 3127.64 0 0 0 0 0 938 0 0 0 0 0 1818 0 0 0 0 0 0 0 0 0 0 0 0 
9475 31975 464 1583.44 0 0 0 0 0 1209 0 0 0 0 3851 248 425 648 367 0 1648 0 0 0 0 0 0 2223 
9476 33072 468 1498.08 0 0 1148 0 0 0 0 0 0 0 1235 0 0 0 0 0 0 0 1413 0 0 1839 0 0 
9476 33539 935 3014.73 0 0 0 0 0 664 0 0 0 0 0 1705 3634 0 0 0 0 0 0 0 0 0 1813 0 
9478 34807 138 503.253 0 0 1228 0 0 0 0 0 0 0 0 3104 0 0 0 0 0 0 3122 0 3972 0 0 0 
9479 34997 74 267.069 0 0 0 0 542 0 0 0 0 0 0 0 627 0 0 0 0 0 0 0 0 0 0 0 
9479 35635 712 2335.42 0 0 0 0 0 0 0 0 0 0 0 0 0 0 0 534 0 0 0 519 0 0 0 0 
9482 37968 745 2452.69 0 0 0 1398 0 0 0 0 0 0 1463 0 0 0 0 0 0 1026 0 0 1099 0 0 0 
9482 37992 769 2532.42 0 0 0 0 0 1301 0 0 1311 0 0 0 0 0 0 0 2640 0 0 0 0 0 0 2442 
9483 38359 49 171.825 0 0 0 0 0 0 1167 0 0 0 0 0 0 0 0 0 3831 0 794 0 0 685 0 3946 
9483 38753 443 1471.31 0 0 654 0 0 0 0 0 0 0 0 0 0 0 503 0 0 0 0 0 0 0 0 0 
9484 39989 637 2054.37 0 0 0 0 412 1647 0 0 1671 0 0 0 0 216 0 0 0 0 840 0 0 631 0 0 
9484 39991 639 2061.15 0 0 0 303 0 0 0 0 0 0 0 0 0 0 0 0 0 1063 0 0 738 0 0 0 
9485 41014 567 1896.62 0 0 0 0 0 0 0 0 0 0 2588 0 0 0 0 662 0 4063 453 634 4063 4063 0 0 
9485 41112 665 2204.81 0 0 0 0 0 0 0 0 0 0 0 0 0 0 0 0 0 0 715 0 852 0 0 0 
9486 41659 128 393.644 0 0 0 721 0 0 0 0 614 0 0 0 0 0 0 0 0 0 0 0 0 0 0 0 
9486 41864 333 1054.97 0 0 1065 0 0 0 0 0 1553 0 0 0 0 0 0 0 0 0 0 2304 0 869 0 0 
9487 42568 339 1227.84 0 0 0 0 0 0 1275 0 0 0 0 0 0 0 0 4091 0 2825 0 4020 0 3890 0 0 
9493 44202 53 209.547 0 0 0 0 0 0 0 0 0 0 0 0 0 0 0 512 0 0 0 510 0 0 0 0 
9536 44859 652 2178.17 0 0 0 0 0 0 0 0 0 0 0 0 0 0 0 1622 0 0 768 2105 0 1175 0 0 
9538 45728 266 887.835 0 1079 0 0 0 0 0 1086 0 0 0 0 0 0 0 2039 0 0 0 978 0 0 0 0 
9538 46163 701 2351.93 0 0 0 0 0 0 0 0 0 0 0 0 571 801 0 0 0 0 0 0 0 0 0 0 
9538 46490 1028 3453.76 0 0 0 2100 0 0 0 0 0 0 3534 0 0 0 0 0 0 0 667 0 817 0 0 0 
9539 47337 800 2733.35 1001 0 0 0 0 0 0 1190 0 0 0 0 0 0 0 3120 0 0 0 3780 0 0 0 0 
9540 47617 19 73.397 0 0 0 0 0 0 0 0 0 0 0 0 580 0 0 0 0 0 0 0 0 0 848 0 
9541 48836 158 586.329 0 0 0 0 0 0 0 0 0 0 0 0 0 0 0 0 0 2868 0 0 1153 0 0 0 
9542 49776 17 58.3783 0 0 0 0 0 0 910 0 0 0 0 0 0 0 0 0 0 1104 0 4020 0 744 0 0 
9542 50107 348 1147.57 0 0 0 0 977 0 0 1041 317 0 0 0 0 0 0 0 0 0 0 0 0 0 0 0 
9543 50943 131 447.686 0 0 0 0 0 0 0 0 0 0 0 0 0 0 0 656 0 0 0 502 0 0 0 0 
9543 51780 968 3177.05 0 0 0 1753 0 0 0 0 0 1583 0 0 0 1430 1973 0 0 0 0 0 0 0 0 0 
9544 52633 712 2323.13 1044 0 0 0 0 0 0 0 0 0 700 0 0 0 0 0 0 147 0 0 0 0 0 0 
9545 53180 184 629.306 0 672 0 0 0 0 0 0 0 1157 279 0 0 0 0 0 0 0 0 0 0 0 0 0 
9545 53340 344 1200.98 0 0 0 0 0 0 0 0 0 0 0 0 0 0 0 502 0 0 0 528 0 0 0 0 
9545 53754 758 2585.61 572 0 0 0 0 0 0 0 0 544 0 0 0 0 0 0 0 0 0 0 0 0 0 0 
9546 54930 863 2886.35 0 0 0 0 0 0 0 536 0 0 0 0 0 0 0 0 0 0 0 564 0 0 0 0 
9547 55812 648 2146.85 0 0 0 0 0 0 0 0 0 0 0 0 523 0 0 0 0 0 0 0 0 0 708 0 
9548 57269 1035 3433.38 0 0 0 0 0 0 0 0 744 669 0 0 0 0 0 0 0 0 0 0 0 0 0 0 
9548 57318 1084 3563.65 0 0 0 0 0 987 0 0 0 0 1433 0 0 0 0 0 0 3591 0 0 0 825 0 0 
9549 58367 1037 3550.3 0 933 0 0 0 0 0 0 0 932 0 0 0 0 0 0 0 1786 0 0 0 857 0 0 
9551 59657 208 704.905 0 0 0 0 1158 0 0 0 0 2471 0 0 0 0 0 0 0 0 0 0 0 0 0 0 
9551 59876 427 1405.36 0 0 0 0 0 0 0 0 0 0 0 0 0 613 506 0 0 0 0 0 0 0 0 0 
9551 60189 740 2410.2 0 0 0 0 0 1120 0 1489 0 0 0 0 0 0 0 0 2789 0 0 0 0 0 0 3937 
9552 61304 773 2529.67 0 0 907 0 0 0 0 0 0 0 0 0 0 0 0 3804 0 0 0 375 0 0 0 0 
9552 61310 779 2545.72 0 0 0 0 560 0 0 0 0 1100 0 0 325 0 0 0 0 0 1672 0 789 0 0 0 
9552 61389 858 2794.16 0 0 0 0 0 0 0 0 0 0 0 0 0 0 0 672 0 0 0 540 0 0 0 0 
9553 62122 498 1712.7 0 0 0 0 1147 0 0 0 1087 0 0 0 0 0 0 0 0 0 1068 0 0 736 0 0 
9554 62752 94 310.745 908 0 0 0 0 0 0 0 829 0 0 0 0 0 0 0 0 0 0 0 0 0 0 0 
9554 63064 406 1285.22 1029 0 0 0 0 0 0 0 0 0 1973 0 0 0 0 0 0 0 0 0 0 0 0 0 
9555 64830 1059 3546.39 0 0 0 0 0 0 0 0 0 0 0 0 0 0 567 0 0 528 0 0 0 0 0 0 
9556 65146 295 907.798 0 0 0 0 0 0 0 0 0 0 0 1883 0 0 0 0 0 1455 0 0 907 0 0 0 
9557 66130 169 529.25 0 0 0 0 0 0 0 0 0 0 0 0 544 0 0 0 0 0 0 0 0 0 577 0 
9557 66279 318 1051.37 0 0 0 0 1027 0 0 0 0 0 0 1080 0 0 0 0 0 2724 0 0 0 878 0 0 
9557 66670 709 2352.51 0 0 0 0 0 0 0 0 0 0 0 0 0 555 1015 0 0 0 0 0 0 0 0 0 
9557 66713 752 2524.52 0 0 371 0 0 0 0 0 0 0 0 0 0 0 0 0 0 2696 0 0 3962 0 0 0 
9557 66967 1006 3343.73 0 0 0 0 0 0 0 0 0 0 1428 0 0 0 0 0 0 0 0 1507 0 0 0 0 
9560 69286 23 63.3067 1208 0 0 0 0 0 0 0 0 0 1853 0 0 0 0 0 0 1443 0 0 817 0 0 0 
9560 70242 979 3286.94 0 0 0 802 506 0 0 0 0 0 0 0 0 0 0 0 0 0 0 0 0 0 0 0 
9561 70747 412 1346.62 0 0 4023 0 0 0 0 201 0 0 0 0 0 0 0 360 3958 0 0 3958 0 0 0 0 
9561 70811 476 1577.99 0 0 0 0 0 0 0 0 0 0 0 0 0 0 587 0 0 555 0 0 0 0 0 0 
9561 70950 615 2091.47 4072 0 0 0 0 0 0 4072 0 0 0 0 0 0 0 0 0 0 0 0 0 0 0 0 
9564 72922 345 1180.91 1396 0 0 0 0 0 0 1856 0 0 0 0 0 0 0 0 0 1329 0 0 968 0 0 0 
9564 73180 603 2013.6 0 0 0 2792 0 0 0 0 0 0 3503 0 0 0 0 0 0 0 0 0 0 0 0 0 
9564 73257 680 2263.38 0 0 0 0 0 0 0 0 0 0 0 0 0 0 0 0 0 0 1900 0 966 0 0 0 
9566 74809 50 162.384 0 0 0 0 0 0 0 0 0 0 0 0 0 0 0 521 0 0 0 561 0 0 0 0 
9566 75558 799 2537.56 0 0 0 0 0 0 0 0 0 0 0 0 2209 3998 3998 0 0 0 785 0 1070 0 3933 0 
9566 75586 827 2631.43 0 0 0 0 0 0 0 0 0 0 0 0 0 0 0 0 0 721 0 0 865 0 0 0 
9567 76927 1069 3574.44 0 0 0 0 0 0 0 0 0 0 0 520 0 0 0 0 0 0 0 0 0 0 567 0 
9568 77004 71 241.257 0 0 0 0 0 886 0 1096 0 0 0 259 0 0 0 0 3997 0 170 0 0 0 0 3538 
9568 77037 104 354.009 0 937 0 0 0 0 0 0 0 0 0 1458 0 0 0 0 0 0 0 0 0 0 0 0 
9569 78357 301 1016.94 0 0 0 0 0 0 0 0 0 0 0 0 0 582 502 0 0 0 0 0 0 0 0 0 
9570 79866 740 2402.88 0 0 0 0 0 0 0 0 0 0 0 0 629 0 0 0 0 0 525 0 0 0 0 0 
9571 80621 405 1382.4 0 758 0 0 0 0 0 0 0 0 1515 0 0 0 0 0 0 1412 0 0 0 977 0 0 
9572 82256 950 3387.73 0 0 0 0 0 1227 0 2283 0 0 0 0 0 0 0 0 0 0 829 0 0 955 0 0 
9573 82529 198 603.717 0 0 0 0 0 0 0 0 0 0 0 0 0 541 540 0 0 0 0 0 0 0 0 0 
9573 82803 472 1559.64 0 0 0 0 0 574 0 0 0 0 0 598 0 0 0 0 0 0 0 0 0 0 0 0 
9575 83651 145 417.141 2370 0 0 0 0 0 333 479 2734 2870 0 0 0 0 0 0 0 0 0 0 0 0 0 0 
9576 84701 81 246.633 0 0 0 0 0 0 0 0 0 0 0 0 1690 0 0 0 0 0 3858 0 3040 0 2181 0 
9576 85710 1090 3529.01 0 0 0 0 0 0 0 0 1064 0 0 0 0 0 0 0 0 3804 0 734 0 2823 0 0 
9578 87289 453 1354.14 0 0 0 0 0 0 0 0 0 0 0 0 0 0 0 0 0 1030 0 0 608 0 0 0 
9578 87372 536 1641.78 0 0 0 0 0 0 0 0 0 0 0 0 515 0 702 0 0 0 0 0 0 0 157 0 
9585 89855 770 2549.9 0 0 0 0 0 0 0 0 0 0 0 0 0 0 0 568 0 0 0 609 0 0 0 0 
9586 90693 494 1607.27 0 0 0 972 0 0 0 981 0 0 0 0 0 0 0 583 3906 0 0 2796 0 0 0 3698 
9592 93865 171 562.593 1153 0 0 0 0 0 0 0 0 1759 0 0 0 0 0 0 0 0 1940 0 0 1098 0 0 
9592 94352 658 2060.71 0 0 0 0 0 0 0 0 0 0 0 0 0 0 0 780 0 0 0 718 0 0 0 0 
9592 94709 1015 3255.91 0 0 1534 0 0 0 0 0 0 0 0 0 0 0 0 0 3918 0 0 0 0 0 0 3918 
9593 95338 528 1784.85 0 0 0 0 0 1106 0 0 0 1353 0 0 0 3529 390 0 0 0 168 0 0 119 2908 0 
9594 96370 453 1425.25 0 0 0 0 0 0 0 0 0 0 0 0 0 0 0 551 0 0 0 563 0 0 0 0 
9595 97110 72 254.783 0 0 0 0 0 0 0 0 0 0 0 0 0 0 0 594 0 0 0 1023 0 0 0 0 
9595 97333 295 975.869 287 758 0 0 0 0 0 0 0 1633 0 0 0 0 0 0 0 0 0 0 0 0 0 0 
9595 97690 652 2127.39 0 0 0 1583 0 0 0 0 0 1025 0 0 0 0 0 0 1868 0 0 0 0 0 0 1280 
9596 98880 746 2463.51 0 0 0 0 0 0 0 0 0 0 0 0 0 0 0 1310 0 1662 0 1806 0 1174 0 0 
9596 99109 975 3244.28 0 0 0 1353 0 0 0 0 0 0 1491 0 0 0 0 0 0 0 789 0 0 489 0 0 
9598 100049 4 14.658 0 0 0 0 0 0 0 0 0 0 0 0 0 0 0 0 0 0 1432 0 0 547 0 0 
9598 100728 683 2253.49 0 0 0 0 0 0 0 0 0 0 0 0 0 0 0 636 0 0 0 584 0 0 0 0 
9599 101258 121 406.665 0 0 0 0 0 0 0 0 0 0 0 0 0 514 525 0 0 0 0 0 0 0 0 0 
9600 102658 397 1356.92 0 0 2085 0 0 0 0 0 0 0 0 1792 0 0 0 0 0 0 0 0 0 0 0 0 
9600 102713 452 1518.11 0 299 0 0 0 0 0 0 0 0 2013 0 0 0 0 0 0 0 1028 0 0 704 0 0 
9600 103137 876 2982.75 0 0 0 0 0 0 0 0 0 0 0 0 576 0 0 0 0 0 0 0 0 0 899 0 
9600 103161 900 3044.43 0 0 0 0 0 1695 0 0 0 584 0 0 3844 0 0 0 0 0 0 0 0 0 4031 0 
9600 103213 952 3238.57 0 0 0 0 0 0 0 0 0 0 0 0 0 217 0 0 1790 1356 0 0 0 689 0 998 
9601 103525 194 540.459 0 0 0 1191 0 0 0 0 0 0 993 0 0 0 0 0 0 0 930 0 868 0 0 0 
9601 103847 516 1527.73 0 0 0 0 0 0 0 0 0 0 0 1553 344 0 0 0 0 0 0 0 0 0 1699 0 
9601 104241 910 2755.27 0 0 0 0 0 0 0 0 0 0 0 2491 0 0 0 0 0 958 0 0 771 0 0 0 
9601 104455 1124 3433.37 0 0 0 0 1206 0 0 0 0 0 0 1752 0 0 0 0 0 0 0 0 0 0 0 0 
9603 106466 890 2918.3 0 0 0 0 0 0 783 0 0 0 0 0 0 0 0 0 1665 1441 0 0 0 0 0 1896 
9603 106470 894 2925.23 0 0 0 0 0 0 0 0 517 0 0 0 0 0 0 0 0 601 0 0 0 0 0 0 
9603 106659 1083 3568.09 0 0 0 0 0 0 0 0 0 0 0 0 0 0 0 0 0 828 0 0 0 691 0 0 
9604 106730 65 207.114 0 0 0 0 1356 0 0 0 0 0 1455 0 4054 251 0 0 0 0 0 0 0 0 3989 0 
9604 107667 1002 3391.44 0 0 0 0 0 0 0 0 0 0 0 0 0 657 514 0 0 0 0 0 0 0 0 0 
9606 109020 170 554.004 0 0 0 0 0 0 0 0 0 0 0 0 549 0 0 0 0 646 0 0 0 0 0 0 
9606 109953 1103 3532.1 0 0 0 0 0 0 0 0 0 0 0 0 804 0 0 0 0 0 0 0 0 0 563 0 
9609 112991 817 2679.6 0 0 2149 0 0 0 0 0 1036 0 0 0 0 0 0 0 0 2634 0 0 0 910 0 0 
9610 113543 279 904.656 0 0 0 247 2885 0 0 0 0 0 3302 0 0 0 0 0 0 0 0 0 0 0 0 0 
9611 114473 94 286.356 0 0 0 0 0 0 0 0 0 0 0 0 0 0 0 610 0 0 0 761 0 0 0 0 
9612 115994 466 1545.41 0 0 0 0 0 0 0 0 0 0 0 0 0 0 0 518 0 0 0 521 0 0 0 0 
9613 116960 370 1218.33 0 0 0 0 0 0 0 0 0 0 0 0 3899 345 474 0 0 0 1314 0 0 1068 1190 0 
9613 117058 468 1516.61 0 0 0 0 0 938 0 0 840 0 0 0 0 0 0 0 0 0 0 0 0 0 0 0 
9613 117359 769 2482.73 0 0 0 0 0 0 0 0 0 0 0 0 0 0 0 0 0 0 0 907 0 907 0 0 
9616 119741 137 460.786 0 0 0 0 0 2104 0 1523 0 0 0 0 0 0 0 0 0 1129 0 0 0 1030 0 0 
9616 120152 548 1888.48 0 662 392 0 0 0 0 0 0 0 1328 0 538 0 0 0 0 0 0 0 773 0 0 0 
9616 120515 911 3064.75 0 0 0 0 1954 0 0 938 0 0 0 0 0 0 0 0 2681 0 0 0 0 0 0 2287 
9617 121611 951 3015.56 790 0 0 0 0 0 0 0 0 0 0 1146 0 0 0 0 0 0 0 0 0 0 0 0 
9617 121751 1091 3488.98 0 0 0 0 1345 0 0 0 0 0 0 1204 0 0 0 0 0 0 2147 0 1059 0 0 0 
9618 121873 91 299.487 0 0 0 0 0 0 0 0 0 0 0 0 844 0 0 0 0 0 0 0 0 0 503 0 
9618 122087 305 992.722 0 0 0 0 0 763 0 0 714 0 0 0 0 0 0 0 0 0 737 0 0 870 0 0 
9618 122148 366 1181.91 0 0 0 0 0 1027 0 0 0 0 0 1749 0 0 0 0 0 0 0 0 0 0 0 0 
9618 122365 583 1940.48 0 0 0 0 0 0 0 0 0 518 623 0 0 0 0 0 0 0 0 0 0 0 0 0 
9619 123658 777 2618.06 0 0 1104 0 0 0 0 0 0 0 0 0 0 0 0 0 0 1189 0 0 993 0 0 0 
9619 123772 891 3021.8 0 0 0 1614 0 0 0 0 3452 423 0 0 0 0 0 0 0 1188 0 0 1228 0 0 0 
9620 124521 595 2016.34 0 0 0 0 264 3896 0 0 0 0 2489 0 3896 224 0 0 0 0 0 0 0 0 4083 0 
9621 125348 333 1093.01 0 0 0 0 0 0 0 0 0 0 0 549 516 0 0 0 0 0 0 0 0 0 0 0 
9638 126188 598 1985.27 0 0 0 0 0 0 0 0 0 0 0 0 0 0 0 0 0 1020 0 0 0 1470 0 0 
9638 126281 691 2274.19 0 0 0 0 0 0 0 0 0 546 545 0 0 0 0 0 0 0 0 0 0 0 0 0 
9639 127517 848 2754.43 0 0 0 0 0 0 0 0 0 0 0 0 0 652 694 0 0 0 0 0 0 0 0 0 
9640 128481 714 2433.02 0 0 0 0 0 0 0 0 0 0 0 0 0 3195 0 0 0 0 1751 0 0 697 1472 0 
9640 128597 830 2825.03 0 0 2448 0 0 0 0 993 0 0 0 0 0 0 0 4049 0 0 0 3986 0 0 0 0 
9641 129026 195 591.783 1026 0 0 0 0 0 0 0 0 1050 0 0 0 0 0 0 0 0 1128 0 711 0 0 0 
9643 131712 650 2116.69 1699 0 0 0 0 0 0 1641 0 0 0 0 0 0 0 0 0 888 0 171 1942 0 0 0 
9643 132036 974 3177.57 0 1580 0 0 0 0 0 205 1341 0 0 0 0 0 0 964 4072 0 0 4072 0 0 0 0 
9645 133638 357 1220.14 0 0 0 0 0 0 1088 0 0 0 0 0 0 0 0 4045 0 1802 0 3982 0 864 0 0 
9645 134285 1004 3342.44 0 0 0 0 0 0 948 0 0 0 0 0 0 0 0 0 0 1091 0 142 0 888 0 0 
9646 135078 720 2368.61 0 0 0 0 0 0 0 0 0 0 0 0 0 0 0 0 0 1235 0 0 0 553 0 0 
9647 135559 91 307.122 0 0 0 0 0 0 0 0 0 0 0 0 0 793 511 0 0 0 0 0 0 0 0 0 
9647 136477 1009 3414.12 0 0 0 0 0 0 0 0 0 0 0 0 0 0 0 513 0 0 0 742 0 0 0 0 
9651 137436 42 137.8 0 0 0 0 0 0 0 0 0 0 0 0 0 564 573 0 0 0 0 0 0 0 0 0 
9654 137642 69 231.862 0 0 828 0 0 0 0 0 1379 526 0 0 0 0 0 0 0 0 2214 0 935 0 0 0 
9654 137905 332 1076.63 0 0 0 0 0 0 0 0 0 0 0 0 0 0 682 0 0 0 0 0 0 0 525 0 
9655 139108 1060 3558.19 0 0 0 1885 0 0 0 0 1121 0 0 0 0 0 0 0 0 0 1323 0 2872 0 0 0 
9656 140025 906 2939.98 0 0 0 1383 0 0 0 0 1553 0 0 0 0 0 0 0 0 2657 0 0 745 0 0 0 
9658 142338 1032 3346.09 0 0 0 0 0 0 0 0 0 0 0 0 0 0 0 0 0 0 1928 0 1808 0 0 0 
9658 142353 1047 3398.1 0 0 0 1576 0 0 0 0 1329 0 0 0 0 0 0 0 0 0 0 0 0 0 0 0 
9659 142542 120 379.878 0 764 0 0 0 0 0 645 0 0 0 0 0 0 0 0 0 0 0 0 0 0 0 0 
9659 143020 598 1946.07 0 0 0 0 0 0 0 0 0 0 0 0 0 0 634 0 0 0 0 503 0 0 0 0 
9660 144462 949 3107.37 0 851 0 0 0 0 0 0 1152 0 0 0 0 0 347 0 0 250 0 0 0 0 0 0 
9661 145297 675 2160.26 0 0 0 0 0 891 0 0 0 1017 0 0 0 0 0 0 0 0 571 0 562 0 0 0 
9662 145683 190 604.348 0 847 0 0 0 0 0 0 0 784 0 0 0 0 0 0 0 0 0 0 0 0 0 0 
9662 146514 1021 3329.12 0 0 1342 0 0 0 0 0 0 1615 0 0 1530 0 0 0 0 0 0 0 0 0 1612 0 
9663 146942 350 1122.01 445 0 0 0 0 0 1994 317 0 0 0 0 0 0 0 4083 0 203 2878 4020 4020 894 0 0 
9664 147667 20 71.2081 0 0 0 0 2133 0 0 0 0 1667 0 0 0 0 0 0 0 0 0 0 0 0 0 0 
9664 147858 211 723.359 0 0 1265 0 0 0 0 0 0 1257 0 0 0 0 0 0 0 0 999 0 0 1130 0 0 
9666 150187 374 1257.71 0 0 0 0 0 0 0 0 0 0 0 0 0 3861 3861 0 0 0 954 0 0 1045 0 0 
9666 150600 787 2683.09 0 0 0 0 0 0 0 0 0 0 0 0 0 0 0 0 0 1657 0 0 1027 0 0 0 
9667 151346 480 1590.6 0 0 0 0 0 0 0 335 0 0 0 0 0 0 0 3231 0 0 0 3898 0 0 0 0 
9668 152047 88 299.341 880 0 0 0 0 0 0 0 0 0 0 1813 0 0 0 0 0 0 0 0 0 0 0 0 
9669 152906 168 504.326 0 0 0 0 0 0 0 0 0 0 0 0 0 0 0 881 0 0 0 665 0 0 0 0 
9673 153174 44 176.811 0 0 0 0 0 0 915 0 0 0 0 0 0 0 0 0 0 1419 0 0 1192 0 0 0 
9674 153261 2 5.75296 0 0 0 0 0 0 890 0 0 0 0 0 0 217 0 0 3988 0 912 0 0 767 0 3988 
9678 153734 295 947.546 0 0 0 0 0 0 0 0 0 0 0 0 0 0 0 2206 0 977 0 2247 0 824 0 0 
9679 154742 240 778.743 0 0 0 0 0 0 0 0 0 353 0 0 0 0 0 0 0 0 781 0 687 0 0 0 
9710 157111 184 645.339 0 0 0 0 1095 0 0 0 1193 0 0 0 0 0 0 0 3464 0 0 0 0 0 0 2233 
9710 157257 330 1115.15 0 0 548 0 0 0 0 0 929 0 0 0 0 0 0 0 0 2841 0 0 0 1323 0 0 
9710 157306 379 1295.32 0 0 333 0 0 0 0 0 0 0 0 2612 1625 0 0 0 0 0 0 0 0 0 1308 0 
9710 157521 594 2037.29 0 0 0 0 336 4043 0 0 0 0 4043 0 383 232 0 0 0 0 3538 0 1096 1215 229 0 
9710 157655 728 2451.89 0 0 1027 0 0 0 744 0 0 0 0 0 0 0 0 0 0 0 0 0 0 0 0 0 
9711 157928 255 893.843 0 0 0 0 0 0 0 0 0 0 0 0 0 0 511 0 0 0 0 0 0 0 532 0 
9712 159777 1018 3463.77 0 0 0 0 0 0 649 0 0 0 0 0 0 0 0 0 3993 0 660 0 0 570 0 3993 
9713 160268 446 1506.65 0 0 0 0 0 0 0 0 0 0 0 0 0 0 0 4068 0 1633 0 3045 0 890 0 0 
9713 160817 995 3426.12 0 0 0 0 0 0 0 0 0 0 0 0 0 535 551 0 0 0 0 0 0 0 0 0 
9714 161221 351 1154.29 1040 0 0 0 0 0 0 0 0 0 0 1092 0 0 0 0 0 0 0 0 0 0 0 0 
9717 164161 39 122.028 1157 0 0 0 0 0 0 627 1070 0 0 0 0 0 0 2430 0 0 0 3320 0 0 0 0 
9717 164813 691 2157.31 0 0 0 0 0 0 0 0 0 0 0 0 0 567 665 0 0 0 0 0 0 0 0 0 
9719 166390 83 286.341 0 0 1372 0 0 0 314 3022 444 0 0 0 0 0 0 1892 0 0 0 1834 0 0 0 0 
9719 166574 267 923.17 0 0 0 0 0 1292 0 0 2056 0 0 0 0 272 558 0 3998 0 0 0 0 0 0 3998 
9720 166727 152 480.605 0 1097 0 0 0 0 0 0 0 1335 0 0 0 0 0 3858 0 0 0 4048 0 0 0 0 
9720 167295 720 2405.81 0 0 0 0 0 0 0 0 0 0 0 1278 0 0 0 0 0 1591 0 0 1505 0 0 0 
9721 168079 424 1438.77 0 0 0 1947 0 0 0 0 0 1297 0 0 0 0 0 0 0 1816 0 0 0 889 0 0 
9721 168633 978 3249.15 0 0 0 0 1130 0 0 0 0 0 1722 0 0 0 0 0 0 0 916 0 0 1084 0 0 
9723 170260 456 1424.33 2292 0 0 0 0 0 330 805 1914 1124 261 270 0 0 0 990 0 3795 133 627 2424 0 0 0 
9725 171457 487 1576.94 0 0 1155 0 0 0 0 0 0 0 1317 0 0 0 0 0 0 1019 0 0 830 0 0 0 
9726 172314 224 753.476 0 0 0 0 0 0 0 0 0 0 0 0 0 615 573 0 0 0 0 0 0 0 0 0 
9726 172360 270 903.175 0 0 0 1036 0 0 0 0 0 706 0 0 0 0 0 0 0 1172 0 0 0 670 0 0 
9726 172614 524 1670.13 0 0 0 0 0 551 0 0 0 0 540 0 0 0 0 0 0 0 0 0 0 0 0 0 
9727 173557 363 1203.2 0 0 0 0 0 0 0 0 0 520 509 0 0 0 0 0 0 0 0 0 0 0 0 0 
9728 174435 162 541.812 0 0 0 0 0 0 0 0 0 0 0 0 0 0 0 0 1285 0 1293 0 1443 0 0 835 
9730 174806 242 825.892 1132 0 0 0 0 0 0 397 0 0 0 0 0 0 0 3725 0 0 0 3940 0 0 0 0 
9760 175944 349 1221.45 263 2036 4085 367 519 0 332 4085 4085 458 0 0 0 0 0 0 0 1168 0 264 1525 0 0 0 
9760 176265 670 2325.53 0 0 501 0 0 0 0 0 0 525 0 0 0 0 0 0 0 0 0 0 0 0 0 0 
9762 177044 346 1111.09 0 0 0 0 0 0 0 0 0 0 0 0 0 0 0 0 933 0 1047 0 1386 0 0 1084 
9763 177558 15 65.6772 0 0 0 0 0 0 635 0 0 0 0 0 0 0 0 0 0 602 0 0 0 0 0 0 
9764 178381 28 80.0213 0 0 0 0 0 3916 448 234 2505 0 0 0 0 0 0 0 0 1660 0 0 1075 0 0 0 
9764 178624 271 938.545 0 0 0 0 0 0 0 0 0 0 0 0 0 0 0 0 0 1324 0 0 2391 0 0 0 
9764 179045 692 2315.56 0 0 0 0 0 0 0 0 0 0 0 0 0 0 0 0 0 570 0 0 539 0 0 0 
9765 180075 633 2095.11 0 0 0 0 0 0 0 0 0 0 0 0 0 0 0 555 0 0 0 526 0 0 0 0 
9766 181152 1016 3500.02 0 0 594 0 0 0 0 0 0 0 0 0 0 0 0 0 0 0 755 0 0 0 0 0 
9767 181556 367 1195.78 0 0 1901 228 0 0 0 0 1152 0 0 0 0 1624 2390 0 0 0 0 0 0 0 0 0 
9768 183210 933 2963.34 0 2707 382 0 0 0 0 0 0 720 3874 232 0 0 0 0 0 0 0 0 0 0 0 0 
9769 184002 601 1896.51 0 0 0 0 0 0 0 0 0 0 0 0 0 0 0 572 0 0 0 519 0 0 0 0 
9769 184230 829 2626.02 0 0 0 0 0 0 0 0 0 0 0 0 0 1502 1911 0 4052 0 0 0 0 0 0 4052 
9769 184421 1020 3198.59 313 0 0 0 0 0 0 0 0 848 0 0 0 0 0 0 0 1148 0 271 0 845 0 0 
9770 185036 517 1858.28 764 0 0 0 0 0 0 1136 0 0 0 0 0 0 0 2633 0 0 0 1562 0 0 0 0 
9771 186200 644 2144.75 0 0 0 0 0 0 0 0 0 0 0 0 2535 0 0 0 0 0 1232 0 914 0 288 0 
9771 186585 1029 3403.34 0 0 0 0 0 0 0 2032 0 0 0 0 0 0 0 3744 0 0 0 3964 0 0 0 0 
9773 187929 199 654.21 0 0 0 0 0 0 0 0 0 0 0 0 0 0 0 930 0 0 0 530 0 0 0 0 
9773 188400 670 2182.79 0 0 0 0 0 0 0 0 0 0 0 0 0 0 0 0 0 760 0 0 1001 0 0 0 
9774 189273 464 1559.64 0 0 0 0 0 0 0 0 0 0 0 0 0 0 0 0 0 148 1276 0 1776 0 0 0 
9774 189399 590 1971.96 0 0 0 0 0 0 0 0 2198 419 0 0 0 0 0 213 0 1436 0 148 0 919 0 0 
9775 190010 109 330.291 0 961 0 0 0 0 0 0 0 0 1169 0 0 0 0 0 0 1254 0 0 0 547 0 0 
9776 191311 291 966.051 0 0 0 1253 0 0 641 0 0 0 0 0 0 0 0 0 0 0 0 0 0 0 0 0 
9777 193161 1032 3449.63 0 0 0 0 0 0 0 0 0 0 0 0 0 519 597 0 0 0 0 0 0 0 0 0 
9779 194642 323 1051.03 0 0 2645 0 0 0 0 0 0 0 0 1467 0 0 0 0 0 1379 0 0 1319 0 0 0 
9779 195408 1089 3545.45 0 0 0 0 0 0 0 0 0 0 0 0 0 661 561 0 0 0 0 0 0 0 0 0 
9781 195647 126 412.348 0 0 0 0 0 0 0 0 0 0 0 0 0 0 0 0 0 0 1317 0 1369 0 0 0 
9781 196490 969 3130.17 0 0 0 715 0 0 0 0 0 0 0 0 327 0 0 0 0 0 0 0 0 0 577 0 
9781 196539 1018 3284.33 0 0 0 566 0 0 0 0 538 0 0 0 353 0 0 0 0 0 0 0 0 0 0 0 
9782 196643 16 48.2679 1073 0 0 0 0 0 0 0 870 0 0 0 0 0 0 0 0 0 0 0 0 0 0 0 
9815 198588 274 992.751 0 0 0 0 0 1352 0 3609 0 0 0 0 0 0 0 0 0 0 859 0 1015 0 0 0 
9816 200192 807 2660.68 0 0 1545 0 0 0 347 3035 0 0 0 0 0 1551 1302 0 0 0 0 0 0 0 0 0 
9817 200656 160 524.329 0 0 1884 0 0 0 0 0 0 0 1221 0 0 0 0 0 1111 0 0 0 0 0 0 1254 
9817 201097 601 2027.07 0 0 0 0 0 0 0 0 0 0 0 0 0 3011 1075 0 2230 0 0 0 0 0 0 2019 
9818 202278 714 2450.82 0 0 0 0 0 0 0 0 0 0 0 0 4046 0 0 0 0 0 0 0 0 0 3988 0 
9818 202604 1040 3595.51 0 0 0 0 0 0 0 0 0 0 0 0 0 0 0 676 0 0 0 651 0 0 0 0 
9819 202916 308 1081.71 0 0 0 0 0 0 0 0 0 0 0 0 585 0 0 0 0 0 0 0 554 0 0 0 
9820 204115 436 1454.72 0 0 0 0 0 0 0 0 0 0 0 0 0 0 549 0 0 510 0 0 0 0 0 0 
9821 205508 760 2619.53 0 1474 0 0 0 0 0 0 0 1385 0 0 0 0 0 0 0 0 1773 0 0 1150 0 0 
9822 205820 24 65.633 0 0 0 0 0 0 0 0 0 0 0 0 0 0 0 0 0 833 0 0 0 866 0 0 
9823 206062 216 731.156 0 0 0 0 0 0 0 0 0 0 0 0 344 0 579 0 0 0 0 0 0 0 505 0 
9823 206648 802 2685.35 0 0 0 0 1449 0 1066 0 0 0 0 0 0 0 0 0 2585 0 0 0 0 0 0 0 
9825 208882 865 2769.01 0 0 0 2249 249 0 0 0 386 0 0 0 0 0 0 0 0 1104 0 0 864 0 0 0 
9828 211996 667 2241.1 0 0 1243 0 0 0 0 1052 0 0 0 0 0 0 0 0 0 890 0 0 1057 0 0 0 
9828 212031 702 2366.04 0 0 0 0 861 0 0 0 0 0 0 0 0 3865 3399 0 396 0 1932 0 0 2505 0 0 
9828 212207 878 2908.12 0 0 0 0 0 1616 1837 1843 0 0 0 0 0 0 0 0 3883 0 0 0 0 0 0 3883 
9829 212881 481 1588.3 0 0 0 0 0 0 0 0 516 676 0 0 0 0 0 0 0 0 0 0 0 0 0 0 
9830 213706 208 735.935 0 0 0 0 0 0 715 0 0 0 0 0 0 0 0 0 0 0 0 1262 0 0 0 0 
9830 214173 675 2222.89 0 0 0 3150 0 0 0 1096 0 0 0 0 0 0 0 0 0 1160 0 0 0 2121 0 0 
9831 214648 76 240.108 0 0 0 0 0 0 0 0 0 0 0 1012 0 0 0 0 0 1405 0 0 668 0 0 0 
9760 217837 349 1221.45 263 2036 4085 367 519 0 332 4085 4085 458 0 0 0 0 0 0 0 1168 0 264 1525 0 0 0 
9760 218158 670 2325.53 0 0 501 0 0 0 0 0 0 525 0 0 0 0 0 0 0 0 0 0 0 0 0 0 
9762 218937 346 1111.09 0 0 0 0 0 0 0 0 0 0 0 0 0 0 0 0 933 0 1047 0 1386 0 0 1084 
9763 219451 15 65.6772 0 0 0 0 0 0 635 0 0 0 0 0 0 0 0 0 0 602 0 0 0 0 0 0 
9764 220274 28 80.0213 0 0 0 0 0 3916 448 234 2505 0 0 0 0 0 0 0 0 1660 0 0 1075 0 0 0 
9764 220517 271 938.545 0 0 0 0 0 0 0 0 0 0 0 0 0 0 0 0 0 1324 0 0 2391 0 0 0 
9764 220938 692 2315.56 0 0 0 0 0 0 0 0 0 0 0 0 0 0 0 0 0 570 0 0 539 0 0 0 
9765 221968 633 2095.11 0 0 0 0 0 0 0 0 0 0 0 0 0 0 0 555 0 0 0 526 0 0 0 0 
9766 223045 1016 3500.02 0 0 594 0 0 0 0 0 0 0 0 0 0 0 0 0 0 0 755 0 0 0 0 0 
9767 223449 367 1195.78 0 0 1901 228 0 0 0 0 1152 0 0 0 0 1624 2390 0 0 0 0 0 0 0 0 0 
9768 225103 933 2963.34 0 2707 382 0 0 0 0 0 0 720 3874 232 0 0 0 0 0 0 0 0 0 0 0 0 
9769 225895 601 1896.51 0 0 0 0 0 0 0 0 0 0 0 0 0 0 0 572 0 0 0 519 0 0 0 0 
9769 226123 829 2626.02 0 0 0 0 0 0 0 0 0 0 0 0 0 1502 1911 0 4052 0 0 0 0 0 0 4052 
9769 226314 1020 3198.59 313 0 0 0 0 0 0 0 0 848 0 0 0 0 0 0 0 1148 0 271 0 845 0 0 
9770 226929 517 1858.28 764 0 0 0 0 0 0 1136 0 0 0 0 0 0 0 2633 0 0 0 1562 0 0 0 0 
9771 228093 644 2144.75 0 0 0 0 0 0 0 0 0 0 0 0 2535 0 0 0 0 0 1232 0 914 0 288 0 
9771 228478 1029 3403.34 0 0 0 0 0 0 0 2032 0 0 0 0 0 0 0 3744 0 0 0 3964 0 0 0 0 
9773 229822 199 654.21 0 0 0 0 0 0 0 0 0 0 0 0 0 0 0 930 0 0 0 530 0 0 0 0 
9773 230293 670 2182.79 0 0 0 0 0 0 0 0 0 0 0 0 0 0 0 0 0 760 0 0 1001 0 0 0 
9774 231166 464 1559.64 0 0 0 0 0 0 0 0 0 0 0 0 0 0 0 0 0 148 1276 0 1776 0 0 0 
9774 231292 590 1971.96 0 0 0 0 0 0 0 0 2198 419 0 0 0 0 0 213 0 1436 0 148 0 919 0 0 
9775 231903 109 330.291 0 961 0 0 0 0 0 0 0 0 1169 0 0 0 0 0 0 1254 0 0 0 547 0 0 
9776 233204 291 966.051 0 0 0 1253 0 0 641 0 0 0 0 0 0 0 0 0 0 0 0 0 0 0 0 0 
9777 235054 1032 3449.63 0 0 0 0 0 0 0 0 0 0 0 0 0 519 597 0 0 0 0 0 0 0 0 0 
9779 236535 323 1051.03 0 0 2645 0 0 0 0 0 0 0 0 1467 0 0 0 0 0 1379 0 0 1319 0 0 0 
9779 237301 1089 3545.45 0 0 0 0 0 0 0 0 0 0 0 0 0 661 561 0 0 0 0 0 0 0 0 0 
9781 237540 126 412.348 0 0 0 0 0 0 0 0 0 0 0 0 0 0 0 0 0 0 1317 0 1369 0 0 0 
9781 238383 969 3130.17 0 0 0 715 0 0 0 0 0 0 0 0 327 0 0 0 0 0 0 0 0 0 577 0 
9781 238432 1018 3284.33 0 0 0 566 0 0 0 0 538 0 0 0 353 0 0 0 0 0 0 0 0 0 0 0 
9782 238536 16 48.2679 1073 0 0 0 0 0 0 0 870 0 0 0 0 0 0 0 0 0 0 0 0 0 0 0 
9815 240481 274 992.751 0 0 0 0 0 1352 0 3609 0 0 0 0 0 0 0 0 0 0 859 0 1015 0 0 0 
9816 242085 807 2660.68 0 0 1545 0 0 0 347 3035 0 0 0 0 0 1551 1302 0 0 0 0 0 0 0 0 0 
9817 242549 160 524.329 0 0 1884 0 0 0 0 0 0 0 1221 0 0 0 0 0 1111 0 0 0 0 0 0 1254 
9817 242990 601 2027.07 0 0 0 0 0 0 0 0 0 0 0 0 0 3011 1075 0 2230 0 0 0 0 0 0 2019 
9818 244171 714 2450.82 0 0 0 0 0 0 0 0 0 0 0 0 4046 0 0 0 0 0 0 0 0 0 3988 0 
9818 244497 1040 3595.51 0 0 0 0 0 0 0 0 0 0 0 0 0 0 0 676 0 0 0 651 0 0 0 0 
9819 244809 308 1081.71 0 0 0 0 0 0 0 0 0 0 0 0 585 0 0 0 0 0 0 0 554 0 0 0 
9820 246008 436 1454.72 0 0 0 0 0 0 0 0 0 0 0 0 0 0 549 0 0 510 0 0 0 0 0 0 
9821 247401 760 2619.53 0 1474 0 0 0 0 0 0 0 1385 0 0 0 0 0 0 0 0 1773 0 0 1150 0 0 
9822 247713 24 65.633 0 0 0 0 0 0 0 0 0 0 0 0 0 0 0 0 0 833 0 0 0 866 0 0 
9823 247955 216 731.156 0 0 0 0 0 0 0 0 0 0 0 0 344 0 579 0 0 0 0 0 0 0 505 0 
9823 248541 802 2685.35 0 0 0 0 1449 0 1066 0 0 0 0 0 0 0 0 0 2585 0 0 0 0 0 0 0 
9825 250775 865 2769.01 0 0 0 2249 249 0 0 0 386 0 0 0 0 0 0 0 0 1104 0 0 864 0 0 0 
9828 253889 667 2241.1 0 0 1243 0 0 0 0 1052 0 0 0 0 0 0 0 0 0 890 0 0 1057 0 0 0 
9828 253924 702 2366.04 0 0 0 0 861 0 0 0 0 0 0 0 0 3865 3399 0 396 0 1932 0 0 2505 0 0 
9828 254100 878 2908.12 0 0 0 0 0 1616 1837 1843 0 0 0 0 0 0 0 0 3883 0 0 0 0 0 0 3883 
9829 254774 481 1588.3 0 0 0 0 0 0 0 0 516 676 0 0 0 0 0 0 0 0 0 0 0 0 0 0 
9830 255599 208 735.935 0 0 0 0 0 0 715 0 0 0 0 0 0 0 0 0 0 0 0 1262 0 0 0 0 
9830 256066 675 2222.89 0 0 0 3150 0 0 0 1096 0 0 0 0 0 0 0 0 0 1160 0 0 0 2121 0 0 
9831 256541 76 240.108 0 0 0 0 0 0 0 0 0 0 0 1012 0 0 0 0 0 1405 0 0 668 0 0 0 
9847 259449 722 1983.59 0 0 601 0 0 0 0 0 0 0 0 0 0 0 0 0 0 781 0 0 0 0 0 0 
9848 260291 287 765.618 0 0 0 0 0 0 0 0 0 0 0 0 0 0 0 3258 0 3270 0 1801 0 3213 0 0 
9848 260450 446 1211.04 797 0 0 0 0 0 304 0 0 0 0 0 0 0 0 2561 0 0 0 0 0 0 0 0 
9849 261512 237 668.069 0 0 0 0 0 0 563 0 0 0 0 0 0 0 0 0 0 0 0 0 0 0 0 0 
9849 261646 371 1040.49 0 0 0 0 0 0 0 0 0 0 0 0 0 0 0 0 0 0 0 0 0 0 0 0 
9849 261950 675 1916.95 0 0 0 1813 0 0 0 0 0 1135 0 0 0 1565 2054 0 0 0 0 0 0 705 0 0 
9851 262646 65 205.067 0 0 0 0 0 0 0 0 0 0 0 0 0 0 538 0 778 0 0 0 0 0 0 0 
9852 264035 160 484.654 0 1716 0 257 0 0 3092 0 0 0 0 0 0 0 0 0 0 0 0 909 0 0 0 0 
9852 264916 1041 2901.47 0 0 0 0 0 959 0 0 0 1653 0 0 0 0 0 0 0 1279 0 0 1034 0 0 0 
9853 265113 41 128.749 0 0 0 0 0 0 1007 0 0 0 0 0 0 0 0 0 3845 0 3388 0 0 3510 0 3845 
9853 265396 324 913.678 0 1303 0 0 0 0 0 0 0 1617 0 0 0 0 0 0 0 495 0 1643 0 1066 0 0 
9853 266131 1059 3060.29 0 797 0 0 0 0 0 0 1062 0 0 0 0 0 0 0 0 1106 0 0 802 0 0 0 
9854 266793 466 1378.6 0 0 0 530 0 0 0 0 0 0 0 0 0 0 0 0 0 0 0 0 0 0 0 0 
9857 268623 817 2263.17 538 2219 0 0 0 0 0 0 1896 0 0 0 0 0 0 0 0 0 0 0 0 0 0 0 
9858 269327 244 805.637 0 0 0 0 0 0 0 0 0 0 0 0 882 0 0 0 0 0 0 0 0 0 542 0 
9858 269428 345 1107.14 0 0 0 0 0 1115 0 0 0 0 665 0 0 0 0 0 0 0 2026 0 0 2454 142 0 
9858 269530 447 1375.61 0 0 0 0 0 0 0 0 0 0 0 0 4007 0 0 0 0 0 1006 0 1009 0 3951 0 
9858 270166 1083 3209.58 0 0 0 0 0 0 0 0 0 0 0 0 0 0 0 0 0 0 0 0 0 0 0 0 
9858 270286 1203 3533.19 0 0 0 0 0 0 0 0 0 0 0 0 0 0 0 0 0 0 0 0 0 0 0 0 
9859 270596 288 831.191 0 0 405 0 0 0 1660 0 0 0 0 0 0 450 0 336 3893 0 973 1087 0 898 0 3893 
9859 271185 877 2505.15 0 0 0 0 0 293 0 0 0 0 0 0 3864 229 319 0 0 0 0 0 0 0 4060 0 
9859 271450 1142 3247.21 0 0 0 0 0 0 0 867 0 0 0 0 0 0 0 3691 0 0 0 4047 0 0 0 0 
9861 273269 462 1284.58 0 0 0 0 0 0 0 0 0 0 0 0 0 0 0 0 0 0 0 0 0 0 0 0 
9863 275851 493 1411.7 0 0 0 0 0 1122 0 0 0 0 0 2436 0 0 0 0 0 0 0 0 0 0 3929 0 
9863 276062 704 1980.85 0 0 552 0 0 0 0 0 0 0 0 0 0 0 0 0 0 0 0 0 0 0 0 0 
9864 276953 327 920.003 3889 0 0 0 0 0 307 3889 0 0 0 0 0 0 0 0 0 1545 0 0 0 771 0 0 
9864 277071 445 1234.43 501 0 0 0 0 0 0 0 0 0 0 579 0 0 0 0 0 0 0 0 0 0 0 0 
9864 277829 1203 3485.08 0 0 1230 0 0 0 0 1116 0 0 0 0 0 0 0 0 0 0 810 0 774 0 0 0 
9865 278574 699 1875.56 0 0 0 0 0 0 0 0 0 0 507 0 0 0 0 0 0 0 0 0 0 0 0 0 
9865 278815 940 2585.68 0 0 0 0 913 0 0 0 2533 0 0 0 0 0 0 0 0 0 542 0 0 591 0 0 
9866 279666 459 1327.14 0 0 0 0 0 0 0 0 0 0 0 604 0 656 0 0 0 0 0 0 0 0 0 0 
9866 279707 500 1430.33 0 0 0 0 0 0 1902 0 0 0 0 0 0 0 0 305 0 1343 0 2927 1404 0 0 0 
9867 280870 391 1136.49 0 0 0 0 0 0 971 0 0 0 0 0 0 0 0 4002 0 1623 0 3946 0 1406 0 0 
9867 281196 717 2083.5 0 0 0 250 2536 359 0 0 3928 0 0 0 0 0 0 0 0 0 0 0 0 0 0 0 
9868 282283 547 1435.36 0 0 0 0 0 0 0 0 0 0 0 0 0 695 0 0 0 0 0 0 0 0 0 0 
9869 283261 231 702.066 0 0 0 1244 0 0 0 0 1229 0 0 0 0 0 0 0 4074 0 0 0 0 0 0 4074 
9870 284751 543 1579.33 0 0 0 0 0 0 0 0 0 0 0 0 0 541 557 0 0 0 0 0 0 0 0 0 
9870 285283 1075 3167.49 0 0 0 0 0 0 0 0 0 0 0 0 0 0 0 0 1755 0 676 0 0 658 0 1403 
9871 286269 838 2458.18 0 0 0 0 0 0 0 0 0 0 0 0 0 638 0 0 0 0 0 0 0 0 0 0 
9871 286340 909 2671.36 0 0 0 0 0 0 0 0 0 0 0 0 0 217 567 0 0 0 0 0 0 0 0 0 
9871 286480 1049 3080.83 0 0 0 0 0 0 0 0 0 0 0 0 0 731 714 0 0 0 0 0 0 0 0 0 
9872 286775 105 317.176 0 0 0 0 0 0 0 910 0 0 0 0 0 0 0 0 0 1738 0 0 1128 0 0 0 
9872 287783 1113 3150.72 1436 0 0 0 0 0 0 1777 0 0 0 0 0 0 0 0 0 0 0 0 0 0 0 0 
9873 288839 900 2629.02 0 0 0 0 0 0 0 0 0 0 0 0 0 0 0 0 0 1707 0 0 0 1089 0 0 
9873 289039 1100 3207.88 0 0 0 0 0 0 0 0 0 0 0 0 0 2197 2121 0 0 0 1192 0 0 3002 0 0 
9874 290069 884 2509.8 0 0 0 0 0 0 0 0 0 0 0 0 0 0 530 0 0 0 0 0 0 0 0 0 
9875 291208 755 2223.38 2262 330 0 0 0 0 386 220 2097 371 188 0 0 0 0 0 0 615 0 165 0 0 0 0 
9876 292509 813 2502.73 0 0 0 0 0 0 0 0 0 0 0 0 0 0 0 542 0 0 0 530 0 0 0 0 
9876 292514 818 2509.19 0 0 0 0 0 0 0 0 0 546 0 0 511 0 0 0 0 0 0 0 0 0 0 0 
9878 294059 860 2372.99 1431 0 0 0 0 0 0 0 777 0 0 0 0 0 0 0 0 0 0 0 0 0 0 0 
9879 294929 471 1269.97 1234 0 0 0 0 0 0 0 0 0 0 0 0 0 0 0 0 1045 0 0 0 643 0 0 
9881 296977 12 38.397 0 0 0 529 0 0 0 0 0 0 0 0 0 0 0 0 0 0 0 0 0 0 0 0 
9884 299358 735 2213.05 0 0 1002 0 0 0 0 0 0 895 0 0 0 0 0 0 0 0 702 0 583 0 0 0 
9886 301486 415 1177.36 1160 0 0 0 0 0 0 0 1466 0 0 0 0 0 0 0 0 0 919 0 0 1564 0 0 
9886 302258 1187 3392.75 0 0 0 0 0 0 0 0 538 556 0 0 0 0 0 0 0 0 0 0 0 0 0 0 
9887 302842 520 1520.15 0 0 0 0 0 0 0 0 0 0 0 0 0 0 518 0 0 769 0 0 0 0 0 0 
9888 304807 1233 3527.43 0 0 0 0 0 0 0 0 0 0 0 0 0 0 0 0 0 0 869 0 1712 0 0 0 
9889 304874 42 125.931 0 0 0 1584 302 0 0 0 0 1229 0 0 0 0 0 0 0 0 0 0 0 0 0 0 
9889 305640 808 2337.96 0 0 0 0 0 0 0 0 0 1244 0 0 0 0 0 0 0 982 0 0 0 724 0 0 
9889 306024 1192 3444.22 0 0 1376 0 0 0 0 0 747 0 0 0 0 0 0 0 2383 0 0 126 0 0 0 2004 
9890 306814 735 2113.16 0 0 0 0 0 0 0 0 0 0 0 0 0 0 0 0 0 3627 0 0 0 1228 0 0 
9892 308651 113 392.404 0 0 0 0 0 0 0 0 0 0 0 0 0 0 0 0 0 1116 0 0 873 0 0 0 
9892 308989 451 1384.42 0 0 0 0 0 0 0 0 0 0 0 0 0 0 0 794 0 0 0 583 0 0 0 0 
9892 309497 959 2819.81 0 961 0 0 0 0 0 0 0 0 0 0 0 0 0 4094 0 0 0 4038 0 0 0 0 
9893 309787 30 77.0114 0 0 0 0 1194 0 0 0 0 0 0 0 0 0 0 0 0 1556 0 0 0 820 0 0 
9895 312518 196 583.393 0 0 0 0 1581 0 0 0 1608 0 0 0 0 0 0 0 0 1416 0 0 0 936 0 0 
9895 312792 470 1349.29 0 0 0 0 0 304 1308 0 0 0 0 0 0 233 0 0 2793 0 0 0 0 0 0 0 
9895 313039 717 2071.92 0 0 0 0 0 0 0 0 0 0 0 0 1596 0 0 0 0 0 1652 0 0 1066 2830 0 
9895 313137 815 2314.15 0 0 0 0 0 0 0 0 0 0 0 0 0 0 0 538 0 0 0 0 0 0 0 0 
9896 313984 411 1174.81 0 0 0 0 0 0 0 0 0 0 0 0 0 0 0 0 0 880 0 0 908 0 0 0 
9896 314771 1198 3390.98 0 0 0 0 0 0 0 0 0 0 0 895 0 0 0 0 0 0 794 0 875 0 0 0 
9897 315922 1057 3097.31 0 0 0 0 0 0 0 0 0 0 0 0 517 0 0 0 0 0 0 0 0 0 0 0 
9898 317245 1137 3267.17 0 1466 0 0 0 0 0 0 1336 0 0 0 0 0 0 1170 0 0 0 1866 0 0 0 0 
9898 317295 1187 3431.29 0 0 508 512 0 0 0 0 0 0 0 0 0 0 0 0 0 0 0 0 0 0 0 0 
9900 319795 1195 3440.73 0 1250 0 0 0 0 0 0 0 0 0 1378 0 0 0 0 0 0 0 0 0 0 0 0 
9900 319816 1216 3496.27 0 0 0 0 0 0 0 0 0 0 0 0 0 0 0 0 0 0 0 0 0 0 0 0 
9901 319982 132 399 0 0 0 0 2318 0 0 0 0 0 1366 0 0 0 0 0 0 2363 0 0 1176 0 0 0 
9901 320231 381 1095.04 0 0 0 0 0 0 0 0 0 0 0 0 0 0 0 0 0 922 0 0 994 0 0 0 
9904 324136 461 1218.85 0 1026 0 0 0 0 0 0 0 0 1288 0 0 0 0 0 0 0 0 0 0 0 0 0 
9905 325645 695 2004.89 0 0 0 0 0 0 1124 0 0 0 0 0 0 0 0 4068 0 1170 0 4012 0 856 0 0 
9909 328296 292 805.038 0 0 0 0 0 0 0 0 0 0 0 0 0 3859 3859 0 0 0 764 0 813 0 0 0 
9911 331440 965 2776.8 0 0 0 0 0 0 0 0 0 0 0 0 0 0 0 0 0 0 0 0 0 0 0 0 
9929 333519 0 2.2804 0 0 0 0 0 0 0 0 0 0 0 0 0 598 561 0 0 0 0 0 0 0 0 0 
9930 333965 267 826.161 0 0 0 0 0 0 0 0 0 0 0 0 507 0 0 0 0 0 0 0 0 0 610 0 
9930 334608 910 2627.33 1474 0 0 0 0 0 0 2771 0 0 0 0 0 0 0 0 0 0 0 0 0 0 0 0 
