12466 84 84 422.224 0 0 0 515 0 0 0 0 552 0 0 0 0 0 0 0 0 0 0 0 0 0 0 0 0 0 0 0 0 0 0 0 
12466 399 399 2024.55 0 0 0 0 0 0 0 0 0 0 0 0 0 593 0 0 0 0 0 0 0 0 0 0 0 0 0 0 0 0 635 0 
12466 403 403 2041.83 0 0 0 0 0 0 0 0 0 0 0 0 0 0 0 0 0 0 0 0 0 0 0 0 0 0 0 0 554 0 0 540 
12466 501 501 2454.88 1315 0 0 0 0 0 0 0 0 1303 0 0 0 0 0 0 0 1291 0 0 876 0 0 0 0 0 0 0 0 0 0 0 
12477 1085 348 1653.64 1108 0 0 0 0 0 0 0 0 669 0 0 0 0 0 0 0 0 0 0 0 0 0 0 0 0 919 1592 0 0 0 0 
12477 1459 722 3463.08 0 924 0 0 0 0 0 1447 0 0 0 0 0 0 0 0 0 1186 0 0 1135 0 0 0 0 0 0 0 0 0 0 0 
12478 1749 264 1303.1 0 0 0 0 0 932 0 0 0 0 0 987 0 0 0 0 0 0 0 0 0 0 0 0 0 2212 0 0 0 0 0 0 
12478 1879 394 1967.82 0 0 0 0 0 0 0 0 0 0 0 0 0 0 0 686 0 0 0 1012 0 0 0 0 0 0 0 0 0 0 0 0 
12479 2600 400 1956.54 0 0 0 0 0 0 0 0 0 0 0 0 0 549 0 0 0 526 0 0 0 0 0 0 0 0 0 0 0 0 0 0 
12481 3748 97 457.111 0 0 0 1181 0 0 0 0 0 823 0 0 0 0 0 0 0 1070 0 0 804 0 0 0 0 0 0 0 0 0 0 0 
12481 3969 318 1497.84 0 0 0 0 0 0 0 0 0 0 0 0 0 1807 0 0 0 0 0 0 0 0 0 0 1523 0 0 2002 0 0 0 0 
12482 4779 412 2153.57 0 0 0 0 0 0 0 0 0 0 0 0 635 0 0 0 0 0 0 0 0 0 0 0 539 0 0 0 0 0 0 0 
12482 4888 521 2699.19 0 0 0 0 0 0 0 0 0 0 0 0 0 3927 3927 0 0 368 0 0 0 678 0 0 0 0 0 0 0 0 0 0 
12486 5385 318 1460.43 0 0 0 0 0 0 0 0 0 0 0 0 0 2917 0 0 3326 0 0 0 0 0 0 3985 0 0 0 0 0 0 0 0 
12487 6283 459 2099.14 0 0 0 0 965 0 0 0 0 0 0 1414 0 0 0 0 0 0 0 0 0 0 0 0 4095 0 0 0 0 0 0 0 
12489 7363 19 111.463 0 0 0 0 0 0 0 0 0 0 0 0 0 0 0 4001 0 1397 0 4023 0 2000 0 0 0 0 0 0 0 0 0 0 
12489 7534 190 934.79 0 0 0 0 0 0 0 0 0 1163 0 0 0 0 0 0 0 1517 0 0 1369 0 0 0 0 0 0 0 0 0 0 0 
12490 8332 227 1038.31 0 0 0 0 0 0 0 0 0 0 0 0 544 0 0 0 0 619 0 0 0 0 0 0 0 0 0 0 0 0 0 0 
12490 8385 280 1281.19 0 0 0 848 0 0 0 0 0 0 0 517 0 0 0 0 0 0 0 0 0 0 0 0 0 0 0 0 0 0 0 0 
12490 8653 548 2543.34 745 0 0 0 0 0 0 0 0 0 926 0 0 0 0 0 0 0 0 0 0 0 0 0 0 0 0 0 3993 3993 0 0 
12491 9198 323 1627.93 0 0 0 0 0 0 0 0 0 0 0 0 0 0 0 0 0 0 0 0 0 0 0 0 0 0 0 0 0 0 1191 2190 
12491 9352 477 2429.21 0 0 0 2273 0 0 0 2206 0 0 0 0 0 0 0 2845 0 0 0 2983 0 0 0 0 0 0 0 0 0 0 0 0 
12492 9679 91 394.941 0 0 0 0 0 0 0 0 588 0 0 0 0 0 0 0 0 0 0 0 583 0 0 0 0 0 0 0 0 0 0 0 
12492 10070 482 2329.3 1298 0 0 0 0 0 0 2608 0 0 0 0 0 0 0 0 0 1226 0 0 790 0 0 0 0 0 0 0 0 0 0 0 
12525 12189 249 1193.18 334 1198 341 0 0 0 0 0 0 0 0 1390 0 0 0 0 0 1451 0 0 663 0 0 0 0 0 0 159 0 0 0 0 
12526 12318 51 179.628 0 0 0 0 594 0 0 0 0 0 846 0 0 0 0 0 0 591 0 0 584 0 0 0 0 0 0 0 0 0 0 0 
12526 12457 190 917.994 0 0 599 0 0 0 0 0 0 0 0 948 0 0 0 0 0 0 0 0 0 0 0 0 0 0 0 0 0 0 0 0 
12528 13029 145 653.934 0 1011 0 0 0 0 0 0 0 0 0 1093 0 0 0 0 0 1014 0 0 2495 0 0 0 0 0 0 168 0 0 0 0 
12530 13674 172 894.008 0 0 0 0 0 0 0 0 0 0 0 0 0 0 0 0 0 0 0 0 0 0 0 0 0 0 0 0 0 0 636 804 
12539 16571 81 383.265 0 0 0 0 0 0 0 0 0 0 0 0 0 0 841 0 844 0 0 0 0 0 0 0 0 0 0 0 0 0 0 0 
12539 16612 122 583.092 0 0 0 0 0 0 0 0 0 0 0 0 0 0 0 4042 0 1630 0 4041 0 1158 0 0 0 0 0 0 0 0 0 0 
12539 16667 177 867.574 0 0 0 0 0 0 0 0 0 0 0 0 0 0 0 0 0 0 702 0 881 0 0 0 0 0 3496 3986 0 0 0 0 
12540 16837 44 236.664 0 0 0 0 0 0 0 0 0 0 0 0 0 0 517 0 0 0 0 0 0 0 0 0 0 0 0 0 0 0 509 0 
12542 17566 172 856.755 2730 0 0 0 0 0 0 0 0 0 0 1450 0 0 0 0 0 0 0 0 0 0 0 0 0 0 0 0 1681 2504 0 159 
12547 19014 148 748.431 0 0 0 0 0 0 0 0 0 0 0 0 0 0 0 1482 0 2323 0 1891 0 1376 0 0 0 0 0 0 0 0 0 0 
12548 19400 241 1195.43 0 1355 0 0 0 0 0 0 1018 0 0 0 0 0 0 0 0 0 0 0 1120 0 0 0 371 0 0 0 0 0 0 0 
12549 19456 15 65.9364 0 0 0 0 0 0 0 0 0 0 0 0 520 0 0 0 0 0 0 0 0 0 612 0 0 0 0 0 0 0 0 0 
12551 19853 33 159.775 0 0 0 0 0 0 0 0 0 0 0 673 0 0 0 0 0 0 0 0 0 0 0 0 0 0 0 119 2004 2558 0 1148 
12552 20266 153 801.634 0 0 0 0 0 0 0 0 0 0 0 0 546 0 592 0 0 0 0 0 0 0 0 0 0 0 0 0 0 0 0 0 
12552 20292 179 916.658 0 0 0 1719 0 0 0 0 0 824 0 0 0 0 0 0 0 0 730 0 550 0 0 0 0 0 0 0 0 0 0 0 
12554 20789 99 577.147 0 1244 0 0 0 0 0 0 487 0 0 0 0 0 0 0 0 1115 0 0 1282 0 0 0 0 0 0 0 0 0 0 0 
12554 20868 178 970.898 0 886 0 0 0 0 0 0 0 0 0 1237 0 0 0 0 0 0 0 0 0 0 0 0 0 0 0 0 0 0 0 0 
12555 20978 22 143.073 0 0 0 0 0 0 0 0 0 0 0 0 0 0 0 0 0 0 0 0 0 0 0 0 0 0 0 0 0 0 1551 3125 
12555 21207 251 1374.58 0 0 0 3396 0 328 667 0 0 395 0 0 0 0 0 0 0 0 0 0 0 0 0 0 0 0 0 0 0 0 0 0 
12558 22025 166 747.394 0 0 0 0 0 1257 0 0 0 0 0 1124 0 0 0 0 0 0 0 0 0 0 0 0 3917 3917 0 0 0 0 0 0 
12562 23188 113 558.327 0 0 0 0 0 0 0 0 0 0 0 0 0 854 551 0 0 0 0 0 0 0 0 0 0 0 0 0 0 0 0 0 
12563 23399 39 189.096 3673 0 0 0 0 0 0 2566 572 0 0 0 0 0 0 0 0 0 0 0 0 0 0 0 0 0 0 0 0 0 4055 4055 
12564 23738 84 352.371 0 0 0 0 0 0 0 0 0 0 0 0 0 0 510 0 0 0 0 0 0 0 0 0 0 0 0 0 0 0 503 0 
12564 23808 154 613.351 0 0 0 0 0 0 0 0 0 0 0 0 0 0 0 0 0 1284 0 0 1262 0 0 0 0 0 0 0 1111 1686 0 0 
12564 23844 190 785.264 0 1252 0 0 0 0 0 0 0 0 1708 0 0 0 0 0 0 0 0 0 0 0 0 0 0 0 3267 3862 0 0 0 0 
12565 23963 23 94.6912 0 0 0 0 0 0 0 0 0 0 0 0 0 725 699 0 0 0 0 0 0 0 0 0 0 0 0 0 0 0 0 0 
12567 24553 89 468.051 0 0 0 0 1946 0 0 0 1693 0 0 0 0 0 0 0 0 0 0 0 0 0 0 0 0 0 0 0 0 0 1527 1811 
12567 24665 201 951.695 0 0 0 0 0 0 0 0 0 0 0 0 0 0 0 530 0 0 0 545 0 0 0 0 0 0 0 0 0 0 0 0 
12567 24720 256 1183.45 0 0 643 0 0 0 0 0 0 0 534 0 0 0 0 0 0 0 0 0 0 0 0 0 0 0 0 0 0 0 0 0 
12571 25670 25 106.749 0 0 0 0 0 1154 0 0 0 1297 0 0 0 0 0 0 0 0 0 0 0 0 4051 0 0 0 0 0 0 0 0 0 
12572 26006 86 388.059 0 0 0 0 909 0 0 0 0 0 0 1364 1491 0 0 0 0 0 0 0 0 0 1426 0 0 0 0 0 0 0 0 0 
12573 26479 266 1202.35 0 0 0 0 0 0 0 0 0 0 0 0 0 569 520 0 0 0 0 0 0 0 0 0 0 0 0 0 0 0 0 0 
12575 26971 102 568.257 679 0 0 0 0 0 0 0 0 0 0 2815 0 0 0 0 0 0 0 0 0 0 0 0 0 0 0 0 4010 4010 0 0 
12575 27043 174 948.135 0 0 0 0 0 0 0 0 0 0 0 0 0 0 0 642 0 0 0 1116 0 0 0 0 0 0 0 0 0 0 0 0 
12576 27335 162 703.125 0 0 0 334 898 0 0 0 0 0 0 981 0 0 0 0 0 0 0 0 0 0 0 0 1730 0 0 0 0 0 0 0 
12576 27470 297 1346.23 0 0 0 0 0 0 0 0 0 0 0 0 601 0 0 0 0 0 0 0 0 0 0 0 0 504 0 0 0 0 0 0 
12607 28950 399 1155.6 0 0 0 0 0 0 0 0 0 0 0 0 619 1518 0 0 0 0 1025 0 1223 0 2008 0 0 0 0 0 0 0 0 0 
12608 30359 544 1647.28 0 0 0 0 0 0 0 0 0 0 0 0 0 0 0 0 0 0 0 0 0 0 0 0 0 0 0 0 0 0 600 866 
12609 31101 98 299.566 0 0 0 0 0 0 0 0 0 0 0 0 0 0 0 0 0 0 0 0 0 0 0 0 0 0 0 0 0 0 559 504 
12609 31689 686 2120.52 0 0 0 0 0 0 0 0 0 0 0 0 0 727 606 0 0 0 0 0 0 0 0 0 0 0 0 0 0 0 0 0 
12611 33959 545 1714.34 4081 4081 0 0 0 0 0 0 0 4081 408 0 0 0 0 0 0 0 0 0 0 0 0 0 0 0 0 0 0 0 4078 4078 
12611 34034 620 1942.69 0 0 0 0 2226 0 0 1330 0 0 0 256 0 0 0 0 0 0 0 0 0 0 0 0 0 0 1358 1495 0 0 0 0 
12611 34562 1148 3476.14 0 0 0 0 2142 0 0 2251 0 0 0 0 0 0 0 0 3979 0 0 0 0 0 0 3979 0 0 0 0 0 0 0 0 
12612 35025 416 1182.09 0 0 0 0 0 0 0 0 0 0 0 0 0 501 574 0 0 0 0 0 0 0 0 0 0 0 0 0 0 0 0 0 
12613 36743 901 2718.27 1949 0 0 0 0 0 0 0 0 0 1350 0 0 0 0 0 0 0 0 0 0 0 0 0 4066 3534 1559 600 0 0 0 0 
12615 38831 625 1817.21 0 0 0 0 0 972 0 0 0 0 1366 0 0 0 0 0 0 0 1965 0 961 0 0 0 0 0 0 0 0 0 0 0 
12615 38904 698 2036.21 0 0 0 0 0 0 0 0 0 1168 0 0 1771 0 0 0 0 0 0 0 0 0 2042 0 0 0 0 0 0 0 0 0 
12615 39290 1084 3278.53 0 0 0 0 1152 0 0 0 0 554 1065 0 0 0 0 0 0 1073 0 0 810 0 0 0 0 0 0 0 0 0 0 0 
12615 39320 1114 3359.6 0 0 0 0 0 0 0 0 0 0 0 0 4012 274 411 0 0 0 1282 0 1318 0 4009 0 0 0 0 0 0 0 0 0 
12616 39825 429 1342.92 0 0 0 0 0 1084 0 0 1634 0 0 0 0 0 0 0 0 1551 0 0 0 556 0 0 0 0 0 0 0 0 0 0 
12616 39966 570 1747.64 0 0 0 0 0 0 0 0 0 0 0 0 0 0 0 516 0 0 0 714 0 0 0 0 0 0 0 0 0 0 0 0 
12618 43066 1220 3540.94 0 0 1782 0 0 0 0 0 0 521 0 0 0 0 0 0 0 0 693 0 667 0 0 0 0 0 0 0 0 0 0 0 
12619 43943 854 2416.05 513 0 0 0 0 0 0 0 0 0 0 506 0 0 0 0 0 0 0 0 0 0 0 0 0 0 0 0 0 0 0 0 
12620 44894 528 1617.91 0 0 0 0 0 1162 1030 0 0 0 0 0 0 0 0 0 0 0 1056 0 0 664 0 3979 0 0 0 0 0 0 0 0 
12620 45445 1079 3251.22 0 0 0 0 0 0 0 0 0 0 0 0 2097 0 0 0 0 0 1985 0 1134 0 2670 0 0 0 0 0 0 0 0 0 
12623 47665 636 1923.79 0 0 0 0 0 0 0 0 537 0 0 0 0 0 0 0 0 519 0 0 0 0 0 0 0 0 0 0 0 0 0 0 
12636 49926 474 1436.66 0 0 0 0 0 0 0 0 0 0 0 0 731 0 0 0 0 0 0 643 0 0 0 0 0 0 0 0 0 0 0 0 
12636 50115 663 1966.38 1284 0 0 0 0 0 0 0 1215 0 0 0 0 0 0 504 1401 0 0 2521 0 0 0 0 0 0 0 0 0 0 0 0 
12637 51102 449 1262.1 0 0 0 0 0 0 0 0 0 0 0 0 566 0 0 0 0 0 0 782 0 0 0 0 0 0 0 0 0 0 0 0 
12637 51461 808 2253.77 0 0 0 0 0 0 0 0 0 0 0 0 0 0 0 692 0 0 0 506 0 0 0 0 0 0 0 0 0 0 0 0 
12637 51559 906 2502.02 0 1283 0 0 0 0 0 0 0 935 0 0 0 0 0 0 0 0 951 0 696 0 0 0 0 0 0 0 0 0 0 0 
12638 52413 494 1468.73 0 0 0 0 0 0 0 283 0 0 0 0 0 0 0 4075 0 3850 0 3850 0 3850 0 0 0 0 0 0 0 0 3850 3850 
12638 52676 757 2202.41 0 0 0 0 0 1029 0 0 0 1169 0 0 0 0 0 0 0 0 0 0 0 0 3459 0 0 0 0 0 0 0 0 0 
12638 53004 1085 3168.78 0 0 0 0 0 0 0 0 715 625 0 0 0 0 0 0 0 0 0 0 0 0 0 0 0 0 0 0 0 0 0 0 
12639 53761 613 1883.08 0 0 0 0 0 0 0 0 0 0 0 0 2542 0 0 0 0 0 2596 0 0 990 2465 785 0 0 0 0 0 0 0 0 
12639 54090 942 2920.8 0 0 0 1435 0 0 0 0 0 0 0 0 0 0 0 0 0 1868 0 0 1046 681 0 0 0 0 0 330 0 236 0 743 
12640 55479 1138 3412.29 0 0 0 0 0 0 0 0 0 0 0 0 2805 0 0 0 0 0 805 0 1110 0 2684 0 0 0 0 0 0 0 0 0 
12641 55783 244 683.677 0 0 0 0 0 0 0 0 0 0 0 0 0 0 0 588 0 0 0 0 0 0 0 0 0 0 0 0 0 0 578 0 
12642 57258 543 1652.41 0 0 0 0 0 0 0 0 0 0 0 0 0 0 0 0 0 0 0 0 0 0 0 0 0 0 0 0 0 0 607 600 
12642 57593 878 2581.42 0 0 622 0 0 0 0 0 0 515 0 0 0 0 0 0 0 0 0 0 0 0 0 0 0 0 0 0 0 0 0 0 
12644 59432 345 968.239 0 0 0 0 1395 299 0 0 1822 0 0 0 0 0 0 0 0 958 0 0 0 1970 0 0 0 0 0 0 0 0 0 0 
12644 59482 395 1110.52 0 0 0 0 0 0 0 1716 0 0 0 0 0 0 0 0 0 4006 0 0 0 982 0 0 0 0 0 0 0 0 4005 0 
12645 60945 617 1833.95 0 0 0 0 1014 0 0 0 0 0 0 2026 0 0 0 0 0 0 0 0 0 0 0 0 3885 0 0 0 0 0 0 0 
12652 63663 896 2624.05 0 0 0 0 1485 0 0 1257 0 0 0 0 0 0 0 0 0 1463 0 0 0 796 0 0 0 0 0 0 0 0 0 0 
12664 64107 120 357.875 0 0 0 0 294 0 0 1528 0 0 0 0 0 0 0 0 0 0 729 0 0 155 0 0 0 0 0 0 0 0 0 0 
12664 65072 1085 3125.4 0 0 0 0 0 387 0 0 0 0 0 0 1200 0 0 0 0 0 0 0 0 0 2162 0 1640 4048 0 127 0 0 0 0 
12665 65908 651 1880.01 0 0 0 0 0 0 0 0 0 0 0 0 0 0 0 0 3737 0 1519 0 0 790 0 3405 0 0 0 0 0 0 0 0 
12667 67881 158 477.196 0 0 0 0 0 0 0 0 0 0 0 0 0 0 0 0 2156 0 1790 0 0 522 0 2215 0 0 0 0 0 0 0 0 
12667 68376 653 1892.05 0 958 0 0 0 0 0 0 0 0 0 1239 0 0 0 0 0 0 0 0 0 0 0 0 0 0 4019 3669 0 0 0 0 
12667 68897 1174 3424.36 0 0 0 0 0 0 747 1368 0 0 0 0 0 0 0 0 0 0 0 0 0 0 0 0 0 0 0 0 0 0 0 0 
12668 68975 9 30.5635 0 0 0 0 1224 0 0 0 1377 0 0 0 3896 0 0 0 0 0 0 0 1031 0 165 0 0 0 0 0 0 0 0 0 
12668 69601 635 1760.52 0 0 0 0 0 0 0 0 0 0 0 0 0 0 2584 0 0 0 2066 0 0 1351 0 0 0 0 0 0 0 0 0 0 
12668 69779 813 2217.57 0 0 0 0 1018 0 0 0 0 0 1311 0 0 0 0 0 0 765 0 0 825 0 0 0 0 0 0 0 0 0 0 0 
12668 69890 924 2525.63 0 0 0 0 0 0 0 0 0 0 0 0 0 0 0 0 0 1391 0 0 0 1013 0 0 0 0 0 0 0 0 1828 1535 
12669 70270 27 84.848 0 0 0 0 0 0 957 0 0 0 0 0 0 0 0 0 3888 0 1517 0 0 952 0 3670 0 0 0 0 0 0 0 0 
12669 70448 205 556.868 0 0 0 0 0 0 0 0 0 0 0 0 1111 0 0 0 0 0 0 0 0 0 3962 0 0 0 0 0 0 0 0 0 
12669 70486 243 688.587 0 0 0 0 0 0 0 0 510 0 0 0 0 0 0 0 0 0 0 632 0 0 0 0 0 0 0 0 0 0 0 0 
12669 70958 715 2066.33 0 0 0 0 0 0 910 0 0 0 0 0 0 0 0 0 3956 0 1572 146 0 557 0 3956 0 0 0 0 0 0 0 0 
12669 71249 1006 2913.81 0 0 0 0 0 523 0 0 0 0 0 0 0 0 0 0 0 0 0 0 0 0 0 0 0 0 0 0 0 0 0 527 
12669 71424 1181 3480.57 0 934 0 0 0 0 0 0 0 0 0 1410 0 0 0 0 0 0 0 0 0 0 0 0 0 0 3976 3994 0 0 0 0 
12670 71783 311 938.446 0 0 0 0 0 0 0 0 0 0 0 0 0 0 0 586 0 0 0 0 0 0 0 0 0 0 0 0 0 0 526 0 
12670 72340 868 2482.11 0 0 0 0 0 0 0 0 0 0 0 0 0 264 639 0 0 0 0 0 0 0 0 0 0 0 0 0 0 0 546 0 
12673 75452 231 680.302 0 0 0 0 0 0 0 0 0 0 0 0 0 615 502 0 0 0 0 0 0 0 0 0 0 0 0 169 0 0 0 0 
12673 75493 272 793.922 0 0 0 0 1170 0 0 0 0 0 1260 0 0 0 0 0 0 0 672 0 790 0 0 0 0 0 0 0 0 0 0 0 
12675 77730 234 658.131 0 0 0 0 0 0 0 0 0 0 0 0 0 0 0 0 0 0 2722 0 1135 0 0 0 0 0 0 0 0 0 0 0 
12675 77773 277 797.257 0 0 0 0 0 0 928 0 0 0 0 0 0 0 0 0 3852 1942 0 0 0 2797 0 3834 0 0 0 0 0 0 0 0 
12677 78064 0 85.8993 300 0 526 0 0 737 493 221 0 375 339 343 0 0 0 253 0 155 0 0 0 0 0 0 0 0 0 0 0 155 0 0 
12677 78067 0 128.849 300 0 554 0 0 675 476 0 0 371 313 302 0 0 0 253 0 0 0 0 0 0 0 0 0 0 0 121 0 144 0 0 
12677 78383 316 956.417 0 0 0 0 1025 0 0 0 1186 0 0 0 0 0 0 2463 0 0 0 3014 0 0 0 0 0 0 0 0 0 0 0 0 
12681 83051 98 262.517 0 4035 740 0 0 0 0 230 4035 442 0 0 0 0 0 0 0 0 1182 0 0 984 0 0 0 0 0 0 0 0 462 0 
12682 84484 266 819.576 0 0 992 0 0 0 0 0 1268 0 0 0 0 0 0 0 0 0 1276 0 0 1362 0 0 0 0 0 0 0 0 0 0 
12682 85227 1009 3083.06 0 0 0 1500 0 0 0 0 0 0 0 1704 2925 0 0 0 0 0 0 0 0 0 2742 0 3921 0 0 0 0 0 0 0 
12683 86132 724 2161.28 0 0 0 0 253 3251 0 0 0 3978 0 0 672 0 0 0 0 0 0 0 0 0 1534 0 0 0 0 0 0 0 0 0 
12683 86393 985 2988.78 0 0 967 0 0 0 0 0 0 1081 0 0 0 0 0 0 0 2499 0 0 2767 0 0 0 0 0 0 0 0 0 0 0 
12684 86886 297 895.935 688 0 0 0 0 0 0 604 0 0 0 0 0 0 0 0 0 0 0 0 0 0 0 0 0 0 0 0 0 0 0 0 
12685 88719 930 2749.59 0 1524 0 0 0 0 0 0 0 0 1210 0 0 0 0 0 0 0 0 0 0 0 0 0 3957 951 0 1256 0 0 0 0 
12685 88736 947 2800.18 0 0 0 0 0 0 0 0 0 0 0 0 503 0 0 0 0 0 0 0 0 0 154 0 0 0 0 0 0 684 0 0 
12687 90248 1 0.40099 299 1278 0 0 0 0 0 0 2511 0 0 0 0 0 0 0 0 0 0 0 113 0 0 0 0 0 0 0 1588 608 0 0 
12688 91800 270 782.17 0 0 0 0 0 0 0 0 0 0 0 0 0 0 0 937 0 0 0 636 0 0 0 0 0 0 0 0 0 0 0 0 
12688 91885 355 1019.64 0 0 0 0 0 0 0 0 584 0 0 0 0 0 0 554 0 0 0 0 0 0 0 0 0 0 0 0 0 0 0 0 
12689 92832 61 159.479 0 0 865 0 0 0 0 0 0 0 0 0 0 0 0 0 0 0 736 0 0 561 0 0 0 0 0 0 0 0 0 0 
12689 92930 159 414.17 0 0 0 0 0 0 0 0 0 0 0 0 0 2300 3006 0 0 0 786 0 0 1309 0 0 0 0 0 0 0 0 0 0 
12689 93246 475 1290.52 0 0 0 1557 0 0 0 0 0 1216 0 0 0 0 0 0 0 0 566 0 0 473 0 0 0 0 0 0 0 0 0 0 
12690 94581 546 1613.86 0 0 0 0 0 0 0 0 0 0 0 600 0 0 0 0 0 0 0 0 0 0 0 0 0 0 0 814 0 0 0 0 
12691 95469 187 563.279 0 0 0 0 0 0 1022 0 0 0 0 0 0 1519 1856 0 4011 0 0 0 0 0 0 4011 0 0 0 0 0 0 0 0 
12691 96002 720 2058.44 0 0 0 0 0 0 0 0 0 0 0 0 0 0 0 0 1308 0 0 0 0 0 0 805 0 0 0 0 0 0 0 0 
12691 96164 882 2573.03 0 0 0 0 0 0 0 0 0 0 0 0 0 559 0 533 0 0 0 0 0 0 0 0 0 0 0 0 0 0 0 0 
12691 96455 1173 3333.74 0 0 0 0 0 0 0 0 0 0 0 0 0 0 0 0 0 0 1252 0 1190 0 0 0 0 0 0 0 0 0 0 0 
12692 96731 191 589.634 0 0 0 0 0 0 0 0 0 0 0 0 0 1339 0 0 0 0 0 0 0 0 0 0 0 0 1056 2900 0 0 0 0 
12694 99014 23 66.6743 0 0 0 0 0 0 0 0 0 0 0 0 917 0 0 0 0 0 0 0 0 0 505 0 0 0 0 0 0 0 0 0 
12694 99108 117 325.739 0 0 0 0 0 0 544 0 0 0 0 0 0 0 0 0 0 0 0 0 0 0 0 0 0 0 0 0 0 0 878 3359 
12696 102101 1076 3146.47 0 0 0 0 0 0 0 0 0 0 0 0 0 235 837 0 0 0 0 0 0 0 536 0 0 0 0 0 0 0 0 0 
12696 102109 1084 3169.07 0 0 0 0 0 1001 0 0 0 0 1179 0 3861 0 0 0 0 0 0 0 0 0 3907 0 0 0 0 0 0 0 0 0 
12697 102842 580 1616.42 0 0 0 0 336 1022 0 0 1845 0 0 0 537 0 0 0 0 0 1266 0 991 0 440 0 0 0 0 0 0 0 0 0 
12697 103334 1072 3003.59 0 0 0 0 0 0 0 0 0 0 0 0 0 0 0 0 0 0 0 0 0 0 0 0 0 0 0 0 0 0 532 703 
12700 107174 1148 3538.45 0 0 0 0 0 924 0 1003 0 0 0 0 0 1063 302 0 0 0 0 0 0 0 0 1049 0 0 0 0 0 0 0 0 
12702 108936 526 1543.19 0 0 523 551 0 0 0 0 0 0 0 0 0 0 0 0 0 0 0 0 0 0 0 0 0 0 0 0 0 0 0 0 
12704 110970 86 260.368 0 0 0 0 0 0 0 0 0 0 0 0 0 549 725 0 0 0 0 0 0 0 0 0 0 0 0 0 0 0 0 0 
12704 111176 292 836.841 0 0 0 0 968 0 0 0 0 0 0 0 0 0 0 0 0 0 757 0 0 1064 0 0 0 0 0 0 0 0 0 0 
12704 111183 299 852.284 883 0 0 0 0 0 0 0 0 0 1133 0 0 0 0 0 0 1155 0 0 1301 0 0 0 0 0 0 0 0 0 0 0 
12705 113023 907 2703.35 0 0 1373 0 0 0 0 0 0 1716 0 0 0 0 0 0 0 1582 0 0 971 0 0 0 0 0 0 0 0 0 0 0 
12706 113425 94 268.487 0 0 0 0 0 0 0 0 0 0 0 0 1200 0 0 0 0 0 1293 0 2670 0 1443 0 0 0 0 161 0 0 0 0 
12706 113808 477 1364.18 0 0 0 0 0 0 0 0 0 0 0 0 617 0 0 0 0 0 0 0 0 0 632 0 0 0 0 0 0 0 0 0 
12706 114098 767 2182.75 0 0 0 0 248 1737 0 0 0 0 1416 0 0 0 0 0 0 0 0 0 0 0 0 0 4012 2514 0 0 0 0 0 0 
12707 114694 142 420.686 0 0 0 0 0 0 0 0 0 0 0 0 0 0 0 532 0 0 0 577 0 0 0 0 0 0 0 0 0 0 0 0 
12707 115448 896 2615.34 0 0 0 0 0 0 1087 0 0 0 0 0 0 0 0 0 0 2109 0 3922 0 1414 0 0 0 0 0 0 0 0 0 0 
12708 116500 713 2037.74 0 0 0 0 1089 0 0 0 0 0 0 2242 0 0 0 0 0 0 0 0 0 0 0 0 0 0 0 0 0 0 0 0 
12710 118811 544 1678.13 0 0 0 0 0 0 0 0 0 0 0 0 0 0 0 562 0 0 0 609 0 0 0 0 0 0 0 0 0 0 0 0 
12710 118875 608 1859.61 0 0 0 0 0 0 0 0 0 0 0 0 0 3976 3976 0 4022 0 882 0 0 1230 0 4022 0 0 0 0 0 0 0 0 
12710 119218 951 2876.32 0 0 0 0 0 0 0 0 0 0 0 0 0 0 0 0 0 0 854 0 1172 0 0 0 2801 2936 0 0 0 0 0 0 
12711 119544 70 212.913 0 896 0 0 0 0 0 0 873 0 0 0 0 0 0 0 0 994 0 0 871 0 0 0 0 0 0 0 0 0 0 0 
12711 119863 389 1085.11 981 0 0 0 0 0 0 1779 0 0 0 0 0 0 0 0 0 0 0 0 0 0 0 0 0 0 0 0 0 0 4041 0 
12711 120183 709 2041.19 0 0 0 0 0 0 0 0 0 0 0 1330 0 0 0 0 0 0 826 0 1529 0 0 0 0 0 0 0 0 0 0 0 
12712 121767 1054 2971.24 0 0 0 0 0 0 536 0 0 0 0 0 0 0 0 0 0 0 0 0 0 0 0 0 0 0 0 952 0 0 0 0 
12715 124786 392 1114.37 0 0 0 0 0 0 0 0 0 0 0 0 0 0 0 0 0 0 0 0 0 0 0 0 0 0 0 0 1382 1182 0 0 
12715 125413 1019 2932.54 0 0 0 655 0 0 0 0 0 0 0 0 0 0 0 0 0 0 0 0 0 0 0 0 0 0 0 0 0 897 0 0 
12715 125647 1253 3599.33 0 0 0 0 0 0 0 0 0 0 0 0 0 2552 431 0 0 0 0 0 0 2354 0 0 0 0 0 0 0 0 0 0 
12717 127304 449 1246.23 0 0 0 0 0 0 0 0 0 0 0 0 1186 259 0 0 0 0 898 0 986 0 1159 0 0 0 0 0 0 0 0 0 
12717 127647 792 2189.2 0 0 0 0 0 0 0 0 0 0 0 0 0 251 521 0 0 0 517 0 0 0 0 0 0 0 0 0 0 0 0 0 
12717 127679 824 2258.32 0 0 0 0 0 0 0 0 0 0 0 0 0 0 0 581 0 0 0 1161 0 0 0 0 0 0 0 0 0 0 0 0 
12718 128459 344 998.914 0 0 0 0 0 0 0 0 0 0 0 0 0 525 770 0 0 0 0 0 0 0 0 0 0 0 0 0 0 0 0 0 
12718 129196 1081 3074.74 0 0 0 0 0 0 3134 0 0 0 0 0 0 0 0 2264 0 0 1451 2445 0 1929 0 0 0 0 0 0 0 0 0 0 
12718 129197 1082 3076.16 0 0 0 0 0 0 0 0 0 0 0 0 0 0 0 0 0 0 0 0 0 0 0 0 0 0 0 0 0 0 730 698 
12719 129377 5 17.5887 0 0 0 0 3686 0 0 0 2425 424 0 0 621 0 3259 0 0 0 3849 0 3849 0 1017 0 2848 3009 0 907 0 0 0 0 
12719 129613 241 708.968 0 0 0 0 1607 0 0 0 0 1429 0 0 1744 0 0 0 0 0 0 0 0 0 1884 0 0 0 0 0 0 0 0 0 
12719 129705 333 966.071 0 0 663 0 0 0 0 0 0 0 0 0 0 0 549 0 0 0 0 0 0 0 0 0 0 0 0 0 0 0 0 0 
12720 131315 715 2235.06 0 0 0 0 0 0 0 0 0 0 0 0 0 0 0 0 0 349 0 0 0 0 0 0 0 0 0 0 0 0 2761 2687 
12721 132712 929 2748.11 0 0 0 0 0 0 0 0 0 508 0 0 0 0 0 0 0 0 0 0 0 0 0 0 0 0 0 513 0 0 0 0 
12721 132787 1004 2959.6 0 1061 0 0 0 0 0 0 966 0 0 0 0 0 0 0 0 892 0 0 0 778 0 0 0 0 0 0 0 0 0 0 
12723 134886 641 1850.31 0 718 0 0 0 0 0 0 0 0 0 0 0 0 0 0 0 0 0 0 0 0 0 0 0 0 0 0 0 0 501 0 
12735 135775 294 862.382 0 0 0 2507 0 0 0 0 326 1674 0 0 0 0 0 0 0 1777 0 0 0 754 0 0 0 0 0 0 0 0 0 0 
12735 136173 693 2023.3 0 0 514 0 0 0 0 0 0 0 0 0 0 0 0 0 0 0 0 0 0 0 0 0 0 0 0 572 0 0 0 0 
12736 136869 182 605.66 0 0 0 0 0 0 0 0 0 0 0 0 0 0 0 555 0 0 0 0 0 0 0 0 0 0 0 0 0 0 625 137 
12736 137235 548 1714.62 0 0 0 0 0 0 0 0 0 0 0 0 0 0 0 733 0 0 0 595 0 0 0 0 0 0 0 0 0 0 0 0 
12737 138046 169 477.45 0 0 0 0 0 0 0 0 0 0 0 0 0 0 0 1685 0 1483 0 1575 187 0 0 0 0 0 0 0 0 0 0 0 
12737 138090 213 605.652 0 0 0 0 0 0 658 0 0 0 0 0 0 0 0 0 0 0 0 521 0 0 0 0 0 0 0 0 0 0 0 0 
12737 138406 529 1478 1090 0 0 0 0 0 0 0 892 0 0 0 0 0 0 0 0 1403 0 0 650 0 0 0 0 0 0 0 0 0 0 0 
12737 138567 690 1975.03 0 0 0 0 0 0 0 0 0 0 0 0 0 0 568 0 0 0 0 0 0 0 0 0 0 0 0 728 0 0 0 0 
12739 141072 737 2122.85 0 0 0 0 0 0 0 0 0 0 0 0 0 0 566 0 0 613 0 0 0 0 0 0 0 0 0 0 0 0 0 0 
12740 142389 799 2421.52 0 890 0 0 0 0 0 0 0 0 1010 0 0 0 0 0 0 3567 0 0 3626 0 0 0 0 0 882 672 0 0 0 0 
12741 143979 1197 3462.41 0 3889 1120 0 0 0 0 0 0 0 1710 252 0 0 0 0 0 0 0 0 0 0 0 0 0 0 1415 2581 0 0 0 0 
12742 144881 857 2554.56 0 0 0 0 0 0 0 0 0 0 0 0 0 939 577 0 0 0 0 0 0 0 0 0 0 0 0 0 0 0 0 0 
12743 145260 27 81.0337 0 0 0 0 0 0 0 0 0 0 0 0 0 0 0 506 0 0 0 0 0 0 0 0 0 0 0 0 0 0 0 545 
12743 145474 241 711.128 0 0 0 238 870 0 0 0 0 0 0 1708 0 0 0 0 0 0 777 0 727 0 0 0 176 919 0 0 0 0 0 0 
12743 145575 342 946.667 0 0 0 1928 0 0 0 0 1246 0 0 0 0 0 0 0 0 0 863 0 0 0 0 0 0 0 0 0 0 0 0 0 
12743 145661 428 1205.53 0 0 0 0 0 0 0 0 0 0 0 0 0 502 0 0 0 703 0 0 0 0 0 0 0 0 0 0 0 0 0 0 
12743 145798 565 1585.55 0 0 0 1046 0 0 0 0 0 0 0 0 0 0 0 0 0 558 0 0 0 0 0 0 0 0 0 0 0 0 0 0 
12744 147493 992 2969.87 0 0 0 1209 0 0 0 0 0 0 1271 0 0 0 0 0 0 0 0 0 0 0 0 0 0 0 3100 1121 0 0 0 0 
12746 149462 521 1473.75 0 0 0 0 0 0 0 0 0 0 0 0 507 0 0 0 0 0 0 0 0 0 0 0 0 0 0 0 0 513 0 0 
12747 150642 451 1326.79 0 2362 0 0 0 0 0 0 0 1189 0 0 0 0 0 0 0 0 990 0 1279 0 0 0 0 0 0 0 0 0 0 0 
12747 151244 1053 3087.16 511 0 0 0 0 0 0 0 556 0 0 0 0 0 0 0 0 0 0 0 0 0 0 0 0 0 0 0 0 0 0 0 
12749 153327 620 1823.36 1698 0 0 0 0 0 0 0 0 0 1101 0 0 0 0 0 0 0 0 0 0 0 0 0 0 0 0 0 2210 2380 0 0 
12749 153447 740 2198.79 0 0 0 0 0 0 0 0 0 0 0 0 1970 0 0 0 0 0 0 0 0 0 1346 0 3697 4043 0 0 0 0 0 0 
12749 153786 1079 3118.12 0 0 0 0 0 0 0 0 0 0 0 0 0 544 610 0 0 0 0 0 0 0 0 0 0 0 0 0 0 0 0 0 
12750 154064 105 335.545 0 0 0 0 0 0 938 0 0 0 0 0 0 0 0 0 3930 0 1578 0 0 908 0 3930 0 0 0 0 0 0 0 0 
12750 154178 219 669.24 0 0 0 0 0 0 1346 0 0 0 0 0 0 0 0 3033 0 1007 0 2159 2157 0 0 0 0 0 0 0 0 0 0 0 
12750 154276 317 960.099 1242 0 0 0 0 0 0 0 0 0 695 0 0 0 0 0 0 0 0 0 0 0 0 0 0 0 0 0 3970 128 0 3970 
12750 154343 384 1169.6 0 0 0 0 1603 0 0 0 1228 0 0 0 0 0 0 0 0 1237 0 138 0 421 0 0 0 0 0 0 0 0 0 0 
12751 155882 713 2163.11 0 0 0 0 0 0 0 501 0 0 0 0 0 525 0 0 0 0 0 0 0 0 0 0 0 0 0 0 0 0 0 0 
12752 156812 411 1292.92 0 0 0 0 0 0 0 0 1391 387 213 0 0 0 0 355 0 1912 0 869 1059 2070 0 0 0 0 0 0 3954 3954 3954 3954 
12753 158578 956 2743.47 0 0 0 0 626 0 0 0 0 0 0 294 0 0 0 0 0 0 0 0 0 0 0 0 0 0 0 0 0 0 610 0 
12753 158705 1083 3088.23 0 0 0 0 0 875 0 0 0 0 1115 0 0 0 0 0 0 0 681 0 860 0 0 0 0 0 0 0 0 0 0 0 
12753 158815 1193 3432.35 0 0 0 0 1543 0 1432 0 0 0 0 0 0 0 0 0 0 0 0 0 0 0 0 0 0 0 0 0 0 0 0 0 
12754 159898 1029 3114.06 0 0 0 0 0 0 0 0 0 528 505 0 0 0 0 0 0 0 0 0 0 0 0 0 0 0 0 0 0 0 0 0 
12754 159991 1122 3388.34 0 0 0 0 0 0 0 0 0 0 0 0 0 0 0 607 0 0 0 0 0 0 0 0 0 0 0 527 0 0 0 0 
12756 162475 1146 3371.32 0 0 0 0 0 0 0 0 0 0 0 0 549 0 0 0 0 0 506 0 0 0 0 0 0 0 0 0 0 0 0 0 
12757 162610 61 208.432 0 1080 0 0 0 0 0 0 0 0 0 2134 0 0 0 0 0 0 0 0 0 0 0 0 0 0 3952 3952 0 0 0 0 
12757 163311 762 2264.14 529 570 0 0 0 0 0 0 0 0 0 0 0 0 0 0 0 0 0 0 0 0 0 0 0 0 0 0 0 0 0 0 
12757 163398 849 2534.75 0 0 0 0 2029 0 0 0 0 0 1160 0 0 0 0 0 0 0 1307 0 0 1191 0 0 0 0 0 0 0 0 0 0 
12757 163606 1057 3097.58 0 0 0 0 0 0 0 0 0 0 0 0 0 0 0 3918 0 1587 0 3964 0 897 0 0 0 0 0 0 0 0 0 0 
12758 164138 371 1131.56 0 0 2375 272 0 0 0 0 0 2381 0 0 0 0 0 0 0 1071 0 0 0 816 0 0 0 0 0 0 0 0 0 0 
12758 164774 1007 3110.56 0 0 0 0 0 0 0 0 0 0 0 0 0 715 560 0 0 0 0 0 0 0 0 0 0 0 0 0 0 0 0 0 
12759 165785 846 2467.66 0 0 0 0 0 0 0 0 0 0 0 0 538 0 0 0 0 0 0 0 0 0 547 0 0 0 0 0 0 0 0 0 
12760 166823 630 1846.59 0 0 0 0 0 0 0 0 0 0 0 0 0 560 1159 0 0 0 0 0 0 0 0 0 0 0 0 0 0 0 0 0 
12761 168600 1200 3465.54 0 0 0 0 0 0 0 0 1346 0 0 0 0 0 0 0 0 0 0 0 0 0 0 0 0 0 0 0 0 0 3139 3793 
12762 169112 470 1350.59 0 0 0 0 0 0 0 0 991 0 0 0 0 0 0 0 0 1052 0 0 1150 0 0 0 0 0 0 0 0 0 0 0 
12762 169128 486 1399.36 0 0 0 0 0 0 0 0 0 0 0 0 0 0 0 526 0 0 0 531 0 0 0 0 0 0 0 0 0 0 0 0 
12763 169977 97 301.026 0 0 0 0 0 0 0 0 0 0 0 0 0 0 0 0 0 1752 0 0 0 714 0 0 0 0 0 0 0 0 2843 2425 
12763 170719 839 2419.95 0 0 0 0 0 0 0 0 0 0 0 0 0 0 0 0 0 0 1567 0 2625 0 0 0 1652 1421 0 0 0 0 0 0 
12764 171924 843 2522.78 0 0 0 0 0 0 0 0 0 0 0 0 0 628 607 0 0 0 0 0 0 0 0 0 0 0 0 0 0 0 0 0 
12764 172056 975 2899.27 0 0 0 0 1232 0 0 0 1053 0 0 0 0 0 0 0 0 0 985 0 579 0 265 0 0 0 0 0 0 0 0 0 
12765 172525 224 621.034 0 1111 0 0 0 0 0 1542 423 0 0 0 0 0 0 0 0 2437 0 0 0 1895 0 0 0 0 0 0 0 0 0 0 
12766 174780 1185 3531.58 0 2731 0 0 0 0 0 1156 0 0 0 0 0 0 0 2774 0 0 0 3876 0 0 0 0 0 0 0 0 0 0 0 0 
12769 177627 395 1170.41 0 0 0 0 380 0 0 0 0 0 1553 0 2876 0 0 0 0 0 0 0 0 0 2272 0 0 0 0 0 0 0 0 0 
12769 178244 1012 2951.66 0 0 0 634 0 0 421 3789 0 0 0 0 0 0 0 0 0 0 787 0 1010 0 0 0 0 0 0 0 0 0 0 0 
12769 178377 1145 3352.95 0 0 0 0 0 0 0 0 0 0 0 0 0 0 0 0 0 1751 0 0 0 0 0 0 0 0 0 0 0 0 1885 2516 
12774 183776 340 1054.51 0 0 0 0 0 0 0 0 0 0 0 0 0 0 0 508 0 0 0 596 0 0 0 0 0 0 0 0 0 0 0 0 
12776 185901 46 147.254 0 2960 421 0 0 0 0 0 0 0 1967 0 0 0 0 0 0 0 0 0 0 0 0 0 0 0 4093 2597 0 0 0 0 
12776 186248 393 1098.37 0 0 0 2731 0 0 0 889 0 0 0 0 0 0 0 0 0 0 843 0 0 738 0 0 0 0 0 0 0 0 0 0 
12779 189680 190 599.755 0 0 0 0 0 0 0 0 0 0 0 0 0 0 0 0 0 0 0 579 0 0 0 0 0 0 0 0 0 0 506 0 
12779 189940 450 1432.16 0 0 0 0 0 0 0 0 0 0 0 0 0 0 0 0 0 0 597 0 903 0 0 0 3861 0 1404 3796 0 0 0 0 
12779 190245 755 2375.64 0 0 0 0 0 0 0 0 0 0 0 0 0 0 0 0 0 0 0 0 588 0 0 0 0 0 1815 4033 0 0 0 0 
12780 190992 332 1019.61 0 0 0 0 0 0 0 0 0 0 0 0 799 0 0 0 0 0 0 0 0 0 0 0 0 0 0 0 0 0 747 0 
12781 192381 553 1681.27 0 0 0 0 0 0 1688 0 0 0 0 0 0 0 0 0 3913 0 636 0 0 988 0 3913 0 0 0 0 0 0 0 0 
12781 192788 960 2899.35 0 1062 0 0 0 0 0 0 0 0 0 0 0 0 0 3858 0 0 0 0 0 0 0 0 0 0 0 0 0 0 0 0 
12781 192796 968 2912.83 0 0 0 1151 0 0 0 0 0 0 0 1271 0 0 0 0 0 0 0 0 0 0 0 0 4002 4002 0 0 0 0 0 0 
12781 192820 992 2991.11 0 0 0 0 0 0 954 0 0 0 0 0 0 0 0 3932 0 1257 0 3978 0 1015 0 0 0 0 0 0 0 0 0 0 
12782 193652 639 1815.91 0 0 0 0 0 0 0 0 0 0 0 0 0 0 0 0 0 1191 0 0 1233 0 0 0 0 0 0 0 1267 1850 0 0 
12783 195202 945 2685.03 0 0 0 0 969 0 0 1254 0 0 0 0 0 0 0 0 0 1056 0 0 0 890 0 0 0 0 0 0 0 0 0 0 
12785 196982 242 703.851 0 0 0 0 0 837 0 0 0 1321 0 0 410 4053 4053 0 0 0 0 0 0 0 0 0 0 0 0 0 0 0 0 0 
12787 200016 807 2331.62 0 0 0 0 0 0 0 0 0 0 0 0 0 0 0 0 0 0 0 0 0 0 0 0 0 0 0 0 0 0 654 546 
12787 200018 809 2335.24 0 0 0 0 0 0 0 0 0 0 0 0 0 0 0 0 0 0 773 0 0 0 0 0 1862 622 0 0 0 0 0 0 
12789 201890 254 769.71 0 0 0 0 0 0 0 0 0 0 0 0 0 2139 302 0 0 0 2027 0 0 2751 1634 0 0 0 0 0 0 0 0 0 
12789 202335 699 2103.23 3991 0 0 0 0 0 0 0 3899 0 0 0 0 0 0 0 0 0 1988 0 0 1100 0 0 0 0 0 0 0 0 0 0 
12789 202618 982 2855.48 0 0 0 0 0 0 0 0 0 0 1240 0 0 0 0 0 0 0 483 0 1180 0 0 0 0 0 0 0 0 0 0 0 
12790 202926 73 216.075 0 510 0 0 0 0 0 0 0 0 0 0 0 0 0 0 0 0 0 0 0 0 0 0 0 0 0 0 0 0 0 574 
12791 204746 679 2098.24 0 0 0 0 0 1137 0 1112 0 0 0 0 0 0 2579 0 0 0 0 0 0 0 0 0 0 0 0 0 0 0 0 0 
12791 205111 1044 3160.47 0 0 1517 0 0 0 345 0 0 1437 0 0 0 0 0 0 1550 0 0 0 0 0 0 966 0 0 0 0 0 0 0 0 
12792 205994 733 2104.37 0 0 1301 0 0 0 0 0 0 1671 0 0 0 0 0 0 0 0 2138 0 2006 0 0 0 0 0 0 0 0 0 0 0 
12795 209168 228 717.823 0 0 0 0 0 0 0 0 0 0 0 0 651 0 0 0 0 0 0 0 0 0 0 0 0 0 0 0 0 519 0 0 
12795 209997 1057 3105.99 0 0 0 1212 0 0 0 0 0 0 0 1048 0 0 0 0 0 0 1797 0 1046 0 0 0 0 0 0 0 0 0 0 0 
12796 211069 904 2694.84 0 945 0 0 0 0 0 0 1022 0 0 0 0 0 0 0 0 0 0 0 0 0 0 0 0 0 0 0 3306 2114 0 0 
12797 211411 44 141.128 0 2372 0 0 0 0 0 0 1079 0 0 0 0 0 0 0 0 0 0 0 0 1461 0 4032 0 0 0 0 0 0 0 0 
12797 212287 920 2777.54 0 0 0 0 0 0 0 0 0 0 0 0 561 0 0 0 0 0 0 0 0 0 0 0 0 0 0 718 0 0 0 0 
12818 213128 554 1722.93 1113 0 0 0 0 0 0 761 0 0 0 0 0 0 0 0 0 0 0 237 0 0 0 0 0 0 0 0 0 0 2918 2451 
12818 213618 1044 3231.95 0 0 0 509 0 0 0 0 0 0 0 0 0 0 0 0 0 0 0 0 0 0 0 0 0 0 0 0 0 0 0 845 
12823 214787 1039 3105.18 0 0 779 0 0 0 0 0 0 0 0 1170 0 0 0 0 0 943 0 0 559 0 0 0 0 0 4038 4038 0 0 0 0 
12827 215043 91 299.338 0 0 637 0 0 0 0 0 0 0 0 0 0 0 0 0 0 0 0 0 0 0 0 0 0 0 0 681 0 0 0 0 
12829 217310 481 1437.81 0 0 0 1086 0 0 0 0 0 825 0 0 0 0 0 0 0 0 1100 0 686 0 136 0 0 0 0 0 0 0 0 0 
12829 217506 677 2062.93 0 0 1682 0 0 0 0 0 0 0 1214 0 0 0 0 0 0 0 0 0 0 0 0 0 0 0 0 0 1265 1034 0 0 
12833 220395 1108 3320.55 241 0 0 0 0 0 0 0 0 0 0 1937 0 0 0 0 0 0 0 0 0 0 0 0 0 0 4043 4043 1087 4008 0 0 
12834 221452 956 2873.69 0 0 0 549 0 0 0 0 0 0 0 0 0 0 0 0 0 0 0 0 0 0 0 0 0 0 0 938 0 0 0 0 
12834 221550 1054 3161.14 0 0 0 0 0 0 0 0 0 0 0 0 0 0 0 2566 0 2154 0 3508 0 1402 0 0 0 0 0 0 0 0 0 0 
12835 222574 866 2658.45 0 0 0 0 0 0 1217 860 0 0 0 0 0 0 0 397 0 0 1349 3088 0 1082 0 3879 0 0 0 0 0 0 0 0 
12836 223175 291 871.37 0 0 0 0 0 0 0 0 0 0 0 0 0 0 0 1756 0 0 1914 1914 2300 0 0 0 0 0 0 0 0 0 0 0 
12836 223456 572 1691.77 0 0 0 0 0 0 0 0 0 0 0 0 0 0 542 0 0 0 0 0 0 0 0 0 0 0 0 0 0 0 534 0 
12838 225694 396 1122.05 0 0 0 0 0 2555 0 3160 380 0 0 0 0 0 0 0 3091 0 0 0 0 0 0 2412 0 0 0 0 0 0 0 0 
12838 226406 1108 3195.81 0 0 0 0 0 0 0 0 0 0 0 0 0 0 0 0 0 0 0 0 0 0 0 0 0 0 0 0 0 0 828 547 
12844 226834 299 948.526 0 0 0 0 0 0 0 0 0 0 0 0 0 0 0 563 0 0 0 504 0 0 0 0 0 0 0 0 0 0 0 0 
12845 228177 64 1500.29 0 0 989 0 0 0 0 0 0 788 0 0 0 0 0 0 0 0 0 0 0 0 0 0 0 0 0 0 277 0 0 0 
12845 228178 0 1504.74 543 568 1250 902 1578 741 315 2804 1544 987 1359 1091 693 1062 1598 2484 269 968 922 1109 1751 1603 1358 666 3553 313 1459 753 982 1550 2527 3813 
12846 229259 365 1119.69 1119 0 0 0 0 0 0 0 1851 0 0 0 0 0 0 0 0 1845 0 0 705 0 0 0 0 0 0 0 0 0 0 0 
12848 232071 848 2628.57 0 1500 0 0 0 0 0 0 0 0 1032 0 0 0 0 0 0 0 0 0 0 0 0 0 0 0 2365 2265 0 0 0 0 
12848 232370 1147 3586.48 0 0 0 0 0 0 0 0 0 0 0 1430 0 0 0 0 0 0 0 0 0 0 0 0 2997 1575 0 0 0 0 0 0 
12850 233482 7 24.9803 0 0 0 0 0 1113 0 0 0 0 0 1159 0 0 0 0 0 1110 0 0 1017 0 0 0 0 0 0 0 0 0 0 0 
12851 235454 768 2262.72 0 0 0 0 739 0 0 814 0 0 0 0 0 0 0 0 0 742 0 0 0 428 0 0 0 0 0 0 0 0 0 0 
12855 239635 81 265.998 0 0 0 0 0 0 0 1091 0 0 0 0 0 0 0 0 0 0 857 0 0 532 0 0 0 0 0 0 0 0 0 0 
12856 241081 304 921.88 0 0 0 0 0 0 0 0 0 0 0 0 0 0 0 1086 0 1947 0 1516 0 1618 0 0 0 0 0 0 0 0 0 0 
12857 242264 294 908.137 0 0 0 0 0 0 0 0 0 0 0 854 0 0 0 0 0 532 0 0 0 0 0 0 0 0 0 0 0 0 0 0 
12857 243101 1131 3305.2 0 0 839 0 0 0 0 0 674 0 0 0 0 0 0 0 0 0 818 0 0 465 0 0 0 0 0 0 0 0 0 0 
12859 244660 268 802.389 0 0 0 0 0 0 0 0 0 0 0 0 0 2233 4075 0 1822 0 0 0 0 0 0 1443 0 0 0 0 0 0 0 0 
12859 245042 650 1992.12 0 0 0 2870 0 0 0 0 0 1239 0 0 311 0 0 0 0 0 530 0 1814 0 0 0 3964 0 0 0 0 0 0 0 
12859 245105 713 2215.25 749 1589 0 0 0 0 0 3882 735 0 0 0 0 0 0 305 0 1216 0 306 0 1482 0 0 0 0 0 0 0 0 0 0 
12859 245141 749 2344.01 0 0 0 0 0 0 0 0 0 0 0 0 0 552 0 0 0 0 0 534 0 0 0 0 0 0 0 0 0 0 0 0 
12859 245401 1009 3135.46 0 0 0 0 0 0 0 0 0 547 0 0 0 0 0 0 0 0 0 0 0 0 0 0 0 0 0 0 0 0 0 634 
12860 245943 366 1130.31 0 0 0 0 0 0 0 0 0 0 0 2936 0 0 0 0 0 0 0 0 0 0 0 0 0 0 0 551 0 0 0 0 
12860 246185 608 1855.83 0 1107 0 0 0 0 0 0 0 994 0 0 0 0 0 0 0 0 0 0 0 0 0 0 0 0 1172 2644 0 0 0 0 
